
1:0;1,3;1,7;1,10;1,12;1,14;1,15;1,16;1,17;1,18;1,19;1,20;1,21;1,22;1,23;1,24;1,26;1,27;1,29;1,33;1,34;1,35;1,36;1,37;1,40;1,41;1,45;1,46;1,47;1,48;1,50;1,51;1,53;1,54;1,55;1,57;1,58;1,62;1,63;1,64;1,65;1,66;1,68;1,71;1,72;1,73;1,74;1,77;1,78;1,80;1,81;1,82;1,84;1,85;1,89;1,90;2,91;1,92;1,94;1,97;1,98;1,99;1,100;1,101;1,102;1,104;1,105;1,106;1,107;1,108;1,109;1,110;1,112;1,114;1,115;1,117;1,118;1,120;1,121;1,124;1,125;1,126;1,127;1,128;1,130;1,132;1,134;1,137;1,138;1,139;1,141;1,147;1,149;1,150;1,153;1,154;1,156;1,158;1,159;1,161;1,162;1,163;1,164;1,165;1,166;1,167;1
15:0;1,3;1,7;1,10;1,12;1,14;1,15;1,16;1,17;1,18;1,19;1,20;1,21;1,22;1,23;1,24;1,26;1,27;1,29;1,33;1,34;1,35;1,36;1,37;1,40;1,41;1,45;1,46;1,47;1,48;1,50;1,51;1,53;1,54;1,55;1,57;1,58;1,62;1,63;1,64;1,65;1,66;1,68;1,71;1,72;1,73;1,74;1,77;1,78;1,80;1,81;1,82;1,84;1,85;1,89;1,90;2,91;1,92;1,94;1,97;1,98;1,99;1,100;1,101;1,102;1,104;1,105;1,106;1,107;1,108;1,109;1,110;1,112;1,114;1,115;1,117;1,118;1,120;1,121;1,124;1,125;1,126;1,127;1,128;1,130;1,132;1,134;1,137;1,138;1,139;1,141;1,147;1,149;1,150;1,153;1,154;1,156;1,158;1,159;1,161;1,162;1,163;1,164;1,165;1,166;1,167;1
191:10;1,19;1,47;1
2:0;1,3;1,7;1,10;1,12;1,14;1,15;1,16;1,17;1,18;1,19;1,20;1,21;1,22;1,23;1,24;1,26;1,27;1,29;1,33;1,34;1,35;1,36;1,37;1,40;1,41;1,45;1,46;1,47;1,48;1,50;1,51;1,53;1,54;1,55;1,57;1,58;1,62;1,63;1,64;1,65;1,66;1,68;1,71;1,72;1,73;1,74;1,77;1,78;1,80;1,81;1,82;1,84;1,85;1,89;1,90;2,91;1,92;1,94;1,97;1,98;1,99;1,100;1,101;1,102;1,104;1,105;1,106;1,107;1,108;1,109;1,110;1,112;1,114;1,115;1,117;1,118;1,120;1,121;1,124;1,125;1,126;1,127;1,128;1,130;1,132;1,134;1,137;1,138;1,139;1,141;1,147;1,149;1,150;1,153;1,154;1,156;1,158;1,159;1,161;1,162;1,163;1,164;1,165;1,166;1,167;1
2006:10;1,19;1,120;3
2011:10;1,19;1,47;1
2012:10;1,19;1,47;1
269s:150;1
3:3;1,12;1,51;1
6th:58;1
8:120;1
a:0;1,3;1,7;11,10;5,12;3,14;1,15;3,16;3,17;12,18;3,19;5,20;1,21;1,22;9,23;1,24;1,26;3,27;1,29;12,33;3,34;1,35;3,36;3,37;1,40;12,41;10,45;1,46;3,47;10,48;1,50;13,51;12,53;3,54;3,55;11,57;1,58;14,62;3,63;12,64;1,65;1,66;11,68;12,71;3,72;3,73;3,74;3,77;1,78;3,80;1,81;12,82;1,84;3,85;3,89;12,90;1,91;3,92;1,94;12,97;1,98;3,99;11,100;1,101;1,102;12,104;10,105;1,106;12,107;1,108;1,109;1,110;3,112;12,114;3,115;9,117;1,118;1,120;9,121;3,124;3,125;3,126;3,127;3,128;12,130;3,132;3,134;3,137;4,138;1,139;11,141;1,147;1,149;10,150;9,153;12,154;12,156;11,158;1,159;3,161;3,162;12,163;12,164;3,165;12,166;1,167;1
abl:137;2
about:7;1,10;2,17;1,19;1,22;1,29;1,40;1,41;2,47;1,50;1,51;3,55;1,58;2,63;1,66;1,68;1,81;1,89;1,94;1,99;1,102;1,104;1,106;1,112;1,115;1,120;1,128;1,139;1,149;1,150;1,153;1,154;1,156;1,162;1,163;1,165;1
abov:2;1,6;1,8;1,30;1,39;1,43;1,52;1,56;1,59;1,60;1,61;1,67;1,70;1,79;1,83;1,88;1,95;1,96;1,111;1,129;1,131;1,133;1,135;1,136;1,146;1,148;1,152;1,155;1
abstract:120;1,150;1
account:10;1,19;1,149;1
acm:62;1,92;1,150;1
acquisit:10;1,19;1,81;2
across:120;1
activ:1;1,4;1,5;1,9;1,11;1,13;1,25;1,28;1,31;1,32;1,38;1,42;1,44;1,49;1,50;1,69;1,75;1,76;1,86;1,87;1,93;1,103;1,113;1,116;1,119;1,122;1,123;1,140;1,142;1,143;1,144;1,145;1,151;1,157;1,160;1
adapt:51;1
add:137;1
addit:137;1
address:0;1,2;2,3;1,6;2,7;5,8;2,12;2,14;1,15;2,16;2,17;5,18;2,20;1,21;1,22;5,23;1,24;1,26;2,27;1,29;5,30;2,33;2,34;1,35;2,36;2,37;1,39;2,40;5,41;5,43;2,45;1,46;2,47;5,48;1,50;5,51;5,52;2,53;2,54;2,55;5,56;2,57;1,58;5,59;2,60;2,61;2,62;2,63;5,64;1,65;1,66;5,67;2,68;5,70;2,71;2,72;2,73;2,74;2,77;1,78;2,79;2,80;1,81;5,82;1,83;2,84;2,85;2,88;2,89;5,91;2,92;1,94;5,95;2,96;2,97;1,98;2,99;6,100;1,101;1,102;5,104;5,105;1,106;5,107;1,108;1,109;1,110;2,111;2,112;5,114;2,115;5,117;1,118;1,120;5,121;2,124;2,125;2,126;2,127;2,128;5,129;2,130;2,131;2,132;2,133;2,134;2,135;2,136;2,137;3,138;1,139;5,141;1,146;2,147;1,148;2,149;5,150;5,152;2,153;5,154;5,155;2,156;5,158;1,159;2,161;2,162;5,163;5,164;2,165;5,166;1,167;1
adequ:120;1
admin:7;2,10;2,19;3,22;2,24;4,41;2,87;2,115;2,120;2,128;12,130;4,133;2,137;1,153;2
administr:0;1,1;7,3;1,4;7,5;7,7;3,9;7,10;1,11;7,12;1,13;7,14;1,15;1,16;1,17;1,18;1,19;1,20;1,21;1,22;3,23;1,24;1,25;7,26;1,27;1,28;7,29;1,31;7,32;7,33;1,34;1,35;1,36;1,37;1,38;7,40;1,41;3,42;7,44;7,45;1,46;1,47;1,48;1,49;7,50;1,51;1,53;1,54;1,55;1,57;1,58;1,62;1,63;1,64;1,65;1,66;1,68;1,69;7,71;1,72;1,73;1,74;1,75;7,76;7,77;1,78;1,80;1,81;1,82;1,84;1,85;1,86;7,87;7,89;1,91;1,92;1,93;7,94;1,97;1,98;1,99;1,100;1,101;1,102;1,103;7,104;1,105;1,106;1,107;1,108;1,109;1,110;1,112;1,113;7,114;1,115;3,116;7,117;1,118;1,119;7,120;3,121;1,122;7,123;7,124;1,125;1,126;1,127;1,128;1,130;1,132;1,134;1,137;2,138;1,139;1,140;7,141;1,142;7,143;7,144;7,145;7,147;1,149;1,150;1,151;7,153;3,154;1,156;1,157;7,158;1,159;1,160;7,161;1,162;1,163;1,164;1,165;1,166;1,167;1
advertis:19;1
algebra:120;2
algorithm:120;1
all:0;1,3;1,7;2,10;1,12;1,14;1,15;1,16;1,17;2,18;1,20;1,21;1,22;2,23;1,24;1,26;1,27;1,29;2,33;1,34;1,35;1,36;1,37;1,40;2,41;2,45;1,46;1,47;2,48;1,50;2,51;3,53;1,54;1,55;2,57;1,58;2,62;1,63;2,64;1,65;1,66;2,68;2,71;1,72;1,73;1,74;1,77;1,78;1,80;1,81;2,82;1,84;1,85;1,89;2,91;1,92;1,94;2,97;1,98;1,99;2,100;1,101;1,102;2,104;2,105;1,106;2,107;1,108;1,109;1,110;1,112;2,114;1,115;1,117;1,118;1,120;1,121;1,124;1,125;1,126;1,127;1,128;2,130;1,132;1,134;1,138;1,139;2,141;1,147;1,149;2,150;2,153;2,154;2,156;2,158;1,159;1,161;1,162;2,163;2,164;1,165;2,166;1,167;1
allow:51;1,137;1
along:137;1
also:7;2,12;1,15;1,16;1,17;1,18;1,19;1,22;1,26;1,29;1,33;1,35;1,36;1,40;1,41;1,46;1,47;1,50;1,51;1,53;1,54;1,55;1,58;1,62;1,63;1,68;1,71;1,72;1,73;1,74;1,78;1,81;1,84;1,85;1,89;1,91;1,94;1,98;1,99;1,102;1,104;1,106;1,110;1,112;1,114;1,115;1,120;2,121;1,124;1,125;1,126;1,127;1,128;1,130;1,132;1,134;1,137;2,149;1,150;1,153;1,154;1,159;1,161;1,162;1,163;1,164;1,165;1
alum:10;1,19;1,33;4,66;12,95;2,140;2,158;4
alumni:2;2,10;2,19;2,64;3,86;2,114;3,139;12
alway:7;1,17;1,22;1,29;1,40;1,41;1,47;1,50;1,51;1,55;1,58;1,63;1,66;1,68;1,81;1,89;1,94;1,99;1,102;1,104;1,106;1,112;1,115;1,120;1,128;1,139;1,149;1,150;1,153;1,154;1,156;1,162;1,163;1,165;1
amazon:10;1,19;1,149;1
ambit:120;1
among:50;1
an:10;1,19;1,120;1,150;2
and:2;3,6;3,7;3,8;3,10;3,12;2,15;2,16;2,17;2,18;2,19;3,22;2,26;2,29;2,30;3,33;2,35;2,36;2,39;3,40;2,41;5,43;3,46;2,47;2,50;3,51;4,52;3,53;2,54;2,55;2,56;3,58;2,59;3,60;3,61;3,62;2,63;2,66;2,67;3,68;2,70;3,71;2,72;2,73;2,74;2,78;2,79;3,81;4,83;3,84;2,85;2,88;3,89;2,90;1,91;2,94;2,95;3,96;3,98;2,99;2,102;2,104;2,106;2,110;2,111;3,112;2,114;2,115;2,120;22,121;2,124;2,125;2,126;2,127;2,128;2,129;3,130;2,131;3,132;2,133;3,134;2,135;3,136;3,137;2,139;2,146;3,148;3,149;2,150;3,152;3,153;2,154;2,155;3,156;2,159;2,161;2,162;2,163;2,164;2,165;2
ani:51;1
announc:7;2,41;1,58;1,115;1,150;2
answer:137;1
anyon:51;1
apertur:1;2,10;1,19;1,20;3,47;11,85;3,136;2
append:10;1,19;1
appli:120;2
approv:7;1,17;1,22;1,29;1,40;1,41;1,47;1,50;1,51;1,55;1,58;1,63;1,68;1,81;1,89;1,94;1,99;1,102;1,104;1,106;1,112;1,115;1,120;1,128;1,137;1,149;1,150;1,153;1,154;1,162;1,163;1,165;1
arab:137;1
architectur:29;1
archiv:2;3,6;3,7;1,8;3,17;2,22;1,29;2,30;3,39;3,40;2,41;2,43;3,47;2,50;2,51;1,52;3,55;1,56;3,58;2,59;3,60;3,61;3,63;2,66;2,67;3,68;2,70;3,79;3,81;2,83;3,88;3,89;2,94;2,95;3,96;3,99;1,102;2,104;2,106;2,111;3,112;2,115;1,120;2,128;2,129;3,131;3,133;3,135;3,136;3,139;2,146;3,148;3,149;2,150;3,152;3,153;2,154;2,155;3,156;2,162;2,163;2,165;2
are:1;1,2;1,4;1,5;1,6;1,7;1,8;1,9;1,10;1,11;1,13;1,25;1,28;1,30;1,31;1,32;1,38;1,39;1,42;1,43;1,44;1,49;1,52;1,56;1,58;1,59;1,60;1,61;1,67;1,69;1,70;1,75;1,76;1,79;1,83;1,86;1,87;1,88;1,93;1,95;1,96;1,103;1,111;1,113;1,116;1,119;1,120;2,122;1,123;1,129;1,131;1,133;1,135;1,136;1,137;1,140;1,142;1,143;1,144;1,145;1,146;1,148;1,151;1,152;1,155;1,157;1,160;1
arijitg:50;1,97;1,125;1
around:51;1
as:7;2,17;2,22;1,29;2,40;2,41;1,47;1,50;2,51;2,55;2,58;4,63;2,66;2,68;2,81;1,89;2,94;2,99;1,102;2,104;1,106;2,112;2,115;1,120;2,128;2,137;1,139;2,149;1,150;1,153;2,154;2,156;2,162;2,163;2,165;2
ask:58;1,120;1
aspect:120;1
associ:7;1,10;1,19;1,55;1
asterixresearch:10;1,14;3,19;1,25;2,61;2,132;3,165;11
asturian:137;1
at:0;3,3;2,7;1,12;2,14;3,16;1,17;2,18;1,19;1,20;1,21;1,22;1,23;1,24;1,26;1,27;1,33;1,34;1,35;1,36;1,37;1,40;3,41;6,45;1,46;1,47;1,48;1,50;1,51;2,53;1,54;2,55;1,58;1,62;2,63;1,64;1,65;2,66;1,68;1,71;5,72;2,74;2,77;1,78;1,80;2,81;1,82;1,84;1,85;1,89;1,91;1,92;2,94;2,97;1,98;1,99;2,100;5,101;1,102;1,105;1,106;1,109;1,110;1,112;1,114;1,115;1,117;1,118;2,120;3,121;3,124;1,125;1,126;2,127;1,128;1,130;1,132;3,137;2,138;1,139;1,141;1,147;1,150;2,153;1,154;2,156;1,158;1,159;1,161;1,162;1,163;1,164;1,165;3,166;2,167;1
attack:120;1
authent:1;3,2;4,4;3,5;3,6;4,8;4,9;3,11;3,13;3,25;3,28;3,30;4,31;3,32;3,38;3,39;4,42;3,43;4,44;3,49;3,52;4,56;4,59;4,60;4,61;4,67;4,69;3,70;4,75;3,76;3,79;4,83;4,86;3,87;3,88;4,93;3,95;4,96;4,103;3,111;4,113;3,116;3,119;3,122;3,123;3,129;4,131;4,133;4,135;4,136;4,137;2,140;3,142;3,143;3,144;3,145;3,146;4,148;4,151;3,152;4,155;4,157;3,160;3
author:0;1,3;1,7;1,12;1,14;1,15;1,16;1,17;1,18;1,19;1,20;1,21;1,22;1,23;1,24;1,26;1,27;1,29;1,33;1,34;1,35;1,36;1,37;1,40;1,41;1,45;1,46;1,47;1,48;1,50;1,51;1,53;1,54;1,55;1,57;1,58;1,62;1,63;1,64;1,65;1,66;1,68;1,71;1,72;1,73;1,74;1,77;1,78;1,80;1,81;1,82;1,84;1,85;1,89;1,91;1,92;1,94;1,97;1,98;1,99;1,100;1,101;1,102;1,104;1,105;1,106;1,107;1,108;1,109;1,110;1,112;1,114;1,115;1,117;1,118;1,120;1,121;1,124;1,125;1,126;1,127;1,128;1,130;1,132;1,134;1,137;1,138;1,139;1,141;1,147;1,149;1,150;1,153;1,154;1,156;1,158;1,159;1,161;1,162;1,163;1,164;1,165;1,166;1,167;1
autism:10;1,19;1,21;3,89;11,146;2,159;3,160;2
auto:137;1
autogener:120;1,137;1
automat:1;1,2;1,4;1,5;1,6;1,7;1,8;1,9;1,11;1,13;1,17;1,22;1,25;1,28;1,29;1,30;1,31;1,32;1,38;1,39;1,40;1,41;1,42;1,43;1,44;1,47;1,49;1,50;1,51;1,52;1,55;1,56;1,58;1,59;1,60;1,61;1,63;1,66;1,67;1,68;1,69;1,70;1,75;1,76;1,79;1,81;1,83;1,86;1,87;1,88;1,89;1,93;1,94;1,95;1,96;1,99;1,102;1,103;1,104;1,106;1,111;1,112;1,113;1,115;1,116;1,119;1,120;1,122;1,123;1,128;1,129;1,131;1,133;1,135;1,136;1,137;1,139;1,140;1,142;1,143;1,144;1,145;1,146;1,148;1,149;1,150;1,151;1,152;1,153;1,154;1,155;1,156;1,157;1,160;1,162;1,163;1,165;1
avail:7;2,10;17,17;3,19;17,22;2,29;3,40;3,41;3,47;3,50;3,51;2,55;2,58;3,63;3,66;3,68;3,81;3,89;3,94;3,99;2,102;3,104;3,106;3,112;3,115;2,120;3,128;3,139;3,149;3,150;3,153;3,154;3,156;3,162;3,163;3,165;3
awar:29;1
awesom:7;1
back:7;2,17;2,22;2,29;2,40;2,41;2,47;2,50;2,51;2,55;2,58;2,63;2,66;2,68;2,81;2,89;2,94;2,99;2,102;2,104;2,106;2,112;2,115;2,120;2,128;2,139;2,149;2,150;2,153;2,154;2,156;2,162;2,163;2,165;2
bacteri:120;1
baldi:10;1,19;1,39;2,68;11,110;3,117;3,151;2
basic:120;1
batch:7;1,17;1,29;1,40;1,41;1,47;1,50;1,51;1,55;1,58;1,63;1,66;1,68;1,81;1,89;1,94;1,99;1,102;1,104;1,106;1,112;1,115;1,120;1,128;1,139;1,149;1,150;1,153;1,154;1,156;1,162;1,163;1,165;1
be:2;1,6;1,7;8,8;1,12;3,15;3,16;3,17;7,18;3,19;1,22;6,26;3,29;7,30;1,33;3,35;3,36;3,39;1,40;7,41;7,43;1,46;3,47;6,50;7,51;8,52;1,53;3,54;3,55;8,56;1,58;8,59;1,60;1,61;1,62;3,63;7,66;6,67;1,68;7,70;1,71;3,72;3,73;3,74;3,78;3,79;1,81;6,83;1,84;3,85;3,88;1,89;7,91;3,94;7,95;1,96;1,98;3,99;6,102;7,104;6,106;7,110;3,111;1,112;7,114;3,115;6,120;7,121;3,124;3,125;3,126;3,127;3,128;7,129;1,130;3,131;1,132;3,133;1,134;3,135;1,136;1,137;7,139;6,146;1,148;1,149;6,150;7,152;1,153;7,154;7,155;1,156;6,159;3,161;3,162;7,163;7,164;3,165;7
been:90;1,120;1
befor:137;1
begun:51;1
below:7;2,10;1,12;2,15;2,16;2,17;2,18;2,19;1,22;2,26;2,29;2,33;2,35;2,36;2,40;2,41;2,46;2,47;2,50;2,51;2,53;2,54;2,55;2,58;2,62;2,63;2,66;2,68;2,71;2,72;2,73;2,74;2,78;2,81;2,84;2,85;2,89;2,91;2,94;2,98;2,99;2,102;2,104;2,106;2,110;2,112;2,114;2,115;2,120;2,121;2,124;2,125;2,126;2,127;2,128;2,130;2,132;2,134;2,137;2,139;2,149;2,150;2,153;2,154;2,156;2,159;2,161;2,162;2,163;2,164;2,165;2
between:120;1
bhore:81;1,82;1,84;1
biol:120;5
biolog:120;1
blank:7;1,17;1,22;1,29;1,40;1,41;1,47;1,50;1,51;1,55;1,58;1,63;1,66;1,68;1,81;1,89;1,94;1,99;1,102;1,104;1,106;1,112;1,115;1,120;1,128;1,139;1,149;1,150;1,153;1,154;1,156;1,162;1,163;1,165;1
both:120;1
bottom:120;1,137;1
branch:120;1
brazil:137;1
bren:10;1,19;1,55;1,58;1
brows:1;2,2;2,4;2,5;2,6;2,8;2,9;2,11;2,12;1,13;2,15;1,16;1,18;1,25;2,26;1,28;2,30;2,31;2,32;2,33;1,35;1,36;1,38;2,39;2,42;2,43;2,44;2,46;1,49;2,52;2,53;1,54;1,56;2,59;2,60;2,61;2,62;1,67;2,69;2,70;2,71;1,72;1,73;1,74;1,75;2,76;2,78;1,79;2,83;2,84;1,85;1,86;2,87;2,88;2,91;1,93;2,95;2,96;2,98;1,103;2,110;1,111;2,113;2,114;1,116;2,119;2,121;1,122;2,123;2,124;1,125;1,126;1,127;1,129;2,130;1,131;2,132;1,133;2,134;1,135;2,136;2,140;2,142;2,143;2,144;2,145;2,146;2,148;2,151;2,152;2,155;2,157;2,159;1,160;2,161;1,164;1
bug:90;3
but:7;1,10;1,17;1,19;1,22;1,29;1,40;1,41;1,47;1,50;1,51;1,55;1,58;1,63;1,66;1,68;1,81;1,89;1,90;1,94;1,99;1,102;1,104;1,106;1,112;1,115;1,120;3,128;1,139;1,149;1,150;1,153;1,154;1,156;1,162;1,163;1,165;1
button:2;2,6;2,8;2,12;4,15;4,16;4,18;4,26;4,30;2,33;4,35;4,36;4,39;2,43;2,46;4,52;2,53;4,54;4,56;2,59;2,60;2,61;2,62;4,67;2,70;2,71;4,72;4,73;4,74;4,78;4,79;2,83;2,84;4,85;4,88;2,91;4,95;2,96;2,98;4,110;4,111;2,114;4,121;4,124;4,125;4,126;4,127;4,129;2,130;4,131;2,132;4,133;2,134;4,135;2,136;2,146;2,148;2,152;2,155;2,159;4,161;4,164;4
by:0;1,1;1,2;1,3;1,4;1,5;1,6;1,7;4,8;1,9;1,10;1,11;1,12;6,13;1,14;1,15;6,16;6,17;3,18;6,19;1,20;1,21;1,22;3,23;1,24;1,25;1,26;6,27;1,28;1,29;3,30;1,31;1,32;1,33;6,34;1,35;6,36;6,37;1,38;1,39;1,40;3,41;3,42;1,43;1,44;1,45;1,46;6,47;3,48;1,49;1,50;4,51;3,52;1,53;6,54;6,55;4,56;1,57;1,58;3,59;1,60;1,61;1,62;6,63;3,64;1,65;1,66;2,67;1,68;3,69;1,70;1,71;6,72;6,73;6,74;6,75;1,76;1,77;1,78;6,79;1,80;1,81;3,82;1,83;1,84;6,85;6,86;1,87;1,88;1,89;3,91;6,92;1,93;1,94;3,95;1,96;1,97;1,98;6,99;3,100;1,101;1,102;3,103;1,104;3,105;1,106;3,107;1,108;1,109;1,110;6,111;1,112;3,113;1,114;6,115;3,116;1,117;1,118;1,119;1,120;4,121;6,122;1,123;1,124;6,125;6,126;6,127;6,128;3,129;1,130;6,131;1,132;6,133;1,134;6,135;1,136;1,137;2,138;1,139;2,140;1,141;1,142;1,143;1,144;1,145;1,146;1,147;1,148;1,149;3,150;4,151;1,152;1,153;3,154;3,155;1,156;2,157;1,158;1,159;6,160;1,161;6,162;3,163;3,164;6,165;3,166;1,167;1
california:63;1
can:1;1,2;1,4;1,5;1,6;1,7;2,8;1,9;1,10;1,11;1,12;2,13;1,15;2,16;2,17;2,18;2,19;2,22;2,25;1,26;2,28;1,29;2,30;1,31;1,32;1,33;2,35;2,36;2,38;1,39;1,40;2,41;2,42;1,43;1,44;1,46;2,47;2,49;1,50;3,51;3,52;1,53;2,54;2,55;2,56;1,58;3,59;1,60;1,61;1,62;2,63;2,66;2,67;1,68;2,69;1,70;1,71;2,72;2,73;2,74;2,75;1,76;1,78;2,79;1,81;2,83;1,84;2,85;2,86;1,87;1,88;1,89;2,90;1,91;2,93;1,94;2,95;1,96;1,98;2,99;2,102;2,103;1,104;2,106;2,110;2,111;1,112;2,113;1,114;2,115;2,116;1,119;1,120;2,121;2,122;1,123;1,124;2,125;2,126;2,127;2,128;2,129;1,130;2,131;1,132;2,133;1,134;2,135;1,136;1,137;3,139;2,140;1,142;1,143;1,144;1,145;1,146;1,148;1,149;2,150;2,151;1,152;1,153;2,154;2,155;1,156;2,157;1,159;2,160;1,161;2,162;2,163;2,164;2,165;2
career:10;1,19;1
catalan:137;1
center:41;3
chang:1;1,4;1,5;1,7;2,9;1,10;1,11;1,12;2,13;1,15;2,16;2,17;2,18;2,22;2,25;1,26;2,28;1,29;2,31;1,32;1,33;2,35;2,36;2,38;1,40;2,41;2,42;1,44;1,46;2,47;2,49;1,50;2,51;3,53;2,54;2,55;2,58;2,62;2,63;2,66;2,68;2,69;1,71;2,72;2,73;2,74;2,75;1,76;1,78;2,81;2,84;2,85;2,86;1,87;1,89;2,91;2,93;1,94;2,98;2,99;2,102;2,103;1,104;2,106;2,110;2,112;2,113;1,114;2,115;2,116;1,119;1,120;2,121;2,122;1,123;1,124;2,125;2,126;2,127;2,128;2,130;2,132;2,134;2,137;1,139;2,140;1,142;1,143;1,144;1,145;1,149;2,150;2,151;1,153;2,154;2,156;2,157;1,159;2,160;1,161;2,162;2,163;2,164;2,165;2
characterist:137;1
chat:7;1
chen:0;1,14;1,40;1,121;1,132;1,165;1
china:137;1
chines:137;2
choos:7;1,17;1,22;1,29;1,40;1,41;1,47;1,50;1,51;1,55;1,58;1,63;1,66;1,68;1,81;1,89;1,94;1,99;1,102;1,104;1,106;1,112;1,115;1,120;1,128;1,139;1,149;1,150;1,153;1,154;1,156;1,162;1,163;1,165;1
civil:51;2
cleartext:7;1,17;1,22;1,29;1,40;1,41;1,47;1,50;1,51;1,55;1,58;1,63;1,66;1,68;1,81;1,89;1,94;1,99;1,102;1,104;1,106;1,112;1,115;1,120;1,128;1,139;1,149;1,150;1,153;1,154;1,156;1,162;1,163;1,165;1
click:2;2,6;2,8;2,10;1,12;5,15;5,16;5,18;5,19;1,26;5,30;2,33;5,35;5,36;5,39;2,43;2,46;5,52;2,53;5,54;5,56;2,59;2,60;2,61;2,62;5,67;2,70;2,71;5,72;5,73;5,74;5,78;5,79;2,83;2,84;5,85;5,88;2,91;5,95;2,96;2,98;5,110;5,111;2,114;5,121;5,124;5,125;5,126;5,127;5,129;2,130;5,131;2,132;5,133;2,134;5,135;2,136;2,137;1,146;2,148;2,152;2,155;2,159;5,161;5,164;5
close:17;1,22;1,29;1,40;1,41;1,47;1,50;1,51;1,58;1,63;1,68;1,81;1,89;1,94;1,99;1,102;1,104;1,106;1,112;1,115;1,120;1,128;1,149;1,153;1,154;1,162;1,163;1,165;1
club:10;2,19;2,50;15,69;2,97;4,125;4,131;2
cml:41;12,71;3,88;2,100;3,103;2
cmpro:10;1,19;1,23;3,32;2,43;2,53;3,163;11
collaps:10;1,19;1,51;2
collapseomat:3;3,10;1,12;3,19;1,44;2,51;11
collect:7;1,17;1,19;1,22;1,29;1,40;1,41;1,47;1,50;1,51;1,55;1,58;1,63;1,66;1,68;1,81;1,89;1,94;1,99;1,102;1,104;1,106;1,112;1,115;1,120;1,128;1,139;1,149;1,150;1,153;1,154;1,156;1,162;1,163;1,165;1
com:62;1,92;1,150;1
come:120;1
comment:19;1
committe:58;2
commun:10;2,17;12,19;2,37;4,72;4,98;4,113;2,118;4,129;2,144;2,155;2,162;12
complet:12;1,15;1,16;1,18;1,26;1,33;1,35;1,36;1,46;1,53;1,54;1,62;1,71;1,72;1,73;1,74;1,78;1,84;1,85;1,91;1,98;1,110;1,114;1,121;1,124;1,125;1,126;1,127;1,130;1,132;1,134;1,159;1,161;1,164;1
complex:120;1
comput:120;1
computablepl:120;1
configur:19;2
confirm:7;4,12;4,15;4,16;4,17;2,18;4,22;2,26;4,29;2,33;4,35;4,36;4,40;2,41;2,46;4,47;2,50;2,51;2,53;4,54;4,55;4,58;2,62;4,63;2,66;3,68;2,71;4,72;4,73;4,74;4,78;4,81;2,84;4,85;4,89;2,91;4,94;2,98;4,99;2,102;2,104;2,106;2,110;4,112;2,114;4,115;2,120;4,121;4,124;4,125;4,126;4,127;4,128;2,130;4,132;4,134;4,137;1,139;3,149;2,150;4,153;2,154;2,156;3,159;4,161;4,162;2,163;2,164;4,165;2
consortium:63;1
contact:10;1,58;1
contextsensit:120;1
cooki:1;4,2;4,4;4,5;4,6;4,8;4,9;4,11;4,12;1,13;4,15;1,16;1,18;1,25;4,26;1,28;4,30;4,31;4,32;4,33;1,35;1,36;1,38;4,39;4,42;4,43;4,44;4,46;1,49;4,52;4,53;1,54;1,56;4,59;4,60;4,61;4,62;1,67;4,69;4,70;4,71;1,72;1,73;1,74;1,75;4,76;4,78;1,79;4,83;4,84;1,85;1,86;4,87;4,88;4,91;1,93;4,95;4,96;4,98;1,103;4,110;1,111;4,113;4,114;1,116;4,119;4,121;1,122;4,123;4,124;1,125;1,126;1,127;1,129;4,130;1,131;4,132;1,133;4,134;1,135;4,136;4,140;4,142;4,143;4,144;4,145;4,146;4,148;4,151;4,152;4,155;4,157;4,159;1,160;4,161;1,164;1
creat:19;1,137;7
creator:137;2
crick:10;1,13;2,19;1,56;2,77;3,112;11,124;3
croatian:137;1
cs:150;1
csgrad:6;2,10;1,19;1,78;4,109;4,116;2,156;12
current:17;1,29;1,40;1,41;1,47;1,50;1,58;1,63;1,66;1,68;1,81;1,89;1,94;1,102;1,104;1,106;1,112;1,120;1,128;1,139;1,149;1,150;1,153;1,154;1,156;1,162;1,163;1,165;1
cypress:10;1,19;1,104;12,107;4,119;2,134;4,148;2
czech:137;1
d:3;1,12;1,51;1
daili:7;1,17;1,29;1,40;1,41;1,47;1,50;1,51;1,55;1,58;1,63;1,66;1,68;1,81;1,89;1,94;1,99;1,102;1,104;1,106;1,112;1,115;1,120;1,128;1,139;1,149;1,150;1,153;1,154;1,156;1,162;1,163;1,165;1
danish:137;1
data:120;1
david:62;1,92;1,150;1
decis:7;1,17;1,22;1,29;1,40;1,41;1,47;1,50;1,51;1,55;1,58;1,63;1,68;1,81;1,89;1,94;1,99;1,102;1,104;1,106;1,112;1,115;1,120;1,128;1,149;1,150;1,153;1,154;1,162;1,163;1,165;1
default:137;2
defin:120;1
descript:10;18,19;18
determinist:120;1
development:120;2
differenti:120;1
digest:7;1,17;1,29;1,40;1,41;1,47;1,50;1,51;1,55;1,58;1,63;1,66;1,68;1,81;1,89;1,94;1,99;1,102;1,104;1,106;1,112;1,115;1,120;1,128;1,139;1,149;1,150;1,153;1,154;1,156;1,162;1,163;1,165;1
direct:58;1
discuss:10;1,19;1,115;1
display:7;1,17;1,22;1,29;1,40;1,41;1,47;1,50;1,51;1,55;1,58;1,63;1,66;1,68;1,81;1,89;1,94;1,99;1,102;1,104;1,106;1,112;1,115;1,120;1,128;1,139;1,149;1,150;1,153;1,154;1,156;1,162;1,163;1,165;1
distribut:115;1
djp3:3;1,12;1,51;1
do:7;2,10;1,17;2,19;1,22;2,29;2,40;2,41;2,47;2,50;2,51;3,55;2,58;2,63;2,66;2,68;2,81;2,89;2,94;2,99;2,102;2,104;2,106;2,112;2,115;3,120;3,128;2,137;1,139;2,149;2,150;2,153;2,154;2,156;2,162;2,163;2,165;2
don:1;1,2;2,4;1,5;1,6;2,8;2,9;1,11;1,12;1,13;1,15;1,16;1,18;1,25;1,26;1,28;1,30;2,31;1,32;1,33;1,35;1,36;1,38;1,39;2,42;1,43;2,44;1,46;1,49;1,52;2,53;1,54;1,56;2,59;2,60;2,61;2,62;1,67;2,69;1,70;2,71;1,72;1,73;1,74;1,75;1,76;1,78;1,79;2,83;2,84;1,85;1,86;1,87;1,88;2,91;1,93;1,95;2,96;2,98;1,103;1,110;1,111;2,113;1,114;1,116;1,119;1,121;1,122;1,123;1,124;1,125;1,126;1,127;1,129;2,130;1,131;2,132;1,133;2,134;1,135;2,136;2,140;1,142;1,143;1,144;1,145;1,146;2,148;2,151;1,152;2,155;2,157;1,159;1,160;1,161;1,164;1
dutch:137;1
dynam:120;3
e:10;1,19;1,120;1
each:137;1
ecolog:120;1
edit:7;1,17;1,22;1,29;1,40;1,41;1,47;1,50;1,51;1,55;1,58;1,63;1,66;1,68;1,81;1,89;1,94;1,99;1,102;1,104;1,106;1,112;1,115;1,120;1,128;1,139;1,149;1,150;1,153;1,154;1,156;1,162;1,163;1,165;1
edu:0;3,3;2,7;2,10;4,12;2,14;3,15;1,16;1,17;3,18;1,19;4,20;1,21;1,22;2,23;1,24;1,26;1,27;1,29;2,33;1,34;1,35;1,36;1,37;1,40;4,41;7,45;1,46;1,47;2,48;1,50;2,51;3,53;1,54;2,55;2,57;1,58;3,62;1,63;2,64;1,65;2,66;2,68;2,71;5,72;2,73;1,74;2,77;1,78;1,80;2,81;2,82;1,84;1,85;1,89;2,91;1,92;1,94;3,97;1,98;1,99;5,100;5,101;1,102;2,104;2,105;1,106;2,107;1,108;1,109;1,110;1,112;2,114;1,115;2,117;1,118;2,120;2,121;3,124;1,125;1,126;2,127;1,128;2,130;1,132;3,134;1,137;2,138;1,139;2,141;1,147;1,149;2,150;2,153;2,154;3,156;2,158;1,159;1,161;1,162;2,163;2,164;1,165;4,166;2,167;1
edualumni:64;1,114;1,139;1
eduapertur:20;1,47;1,85;1
eduasterixresearch:14;1,132;1,165;1
eduaut:21;1,89;1,159;1
edubaldi:68;1,110;1,117;1
educml:41;1,71;1,100;1
educmpro:23;1,53;1,163;1
educrick:77;1,112;1,124;1
eduemm:54;1,80;1,154;1
edugrad:50;1,97;1,125;1
eduhan:48;1,106;1,127;1
eduhanalab:24;1,34;1,58;1,128;1,130;1,164;1
eduhobb:18;1,45;1,102;1
eduic:16;1,22;1,55;1,141;1,161;1,167;1
eduicsb:27;1,91;1,120;1
eduigb:37;1,98;1,162;1
eduinsa:7;1,36;1,147;1
eduisg:0;1,40;1,121;1
eduivecg:17;1,65;1,72;1,94;1,118;1,126;1
edumlrg:74;1,99;1,166;1
edumotifmap:26;1,101;1,153;1
eduphd:78;1,109;1,156;1
edusatwar:81;1,82;1,84;1
edusislgram:35;1,115;1,138;1
edustatist:33;1,66;1,158;1
eduuicd:46;1,63;1,105;1
effect:1;1,4;1,5;1,9;1,11;1,12;1,13;1,15;1,16;1,18;1,25;1,26;1,28;1,31;1,32;1,33;1,35;1,36;1,38;1,42;1,44;1,46;1,49;1,53;1,54;1,62;1,69;1,71;1,72;1,73;1,74;1,75;1,76;1,78;1,84;1,85;1,86;1,87;1,91;1,93;1,98;1,103;1,110;1,113;1,114;1,116;1,119;1,121;1,122;1,123;1,124;1,125;1,126;1,127;1,130;1,132;1,134;1,140;1,142;1,143;1,144;1,145;1,151;1,157;1,159;1,160;1,161;1,164;1
eg:120;1
els:51;1
email:0;1,2;3,3;1,6;3,7;8,8;3,12;6,14;1,15;6,16;6,17;7,18;6,20;1,21;1,22;6,23;1,24;1,26;6,27;1,29;7,30;3,33;6,34;1,35;6,36;6,37;1,39;3,40;7,41;7,43;3,45;1,46;6,47;6,48;1,50;7,51;7,52;3,53;6,54;6,55;8,56;3,57;1,58;7,59;3,60;3,61;3,62;6,63;8,64;1,65;1,66;7,67;3,68;7,70;3,71;6,72;6,73;6,74;6,77;1,78;6,79;3,80;1,81;6,82;1,83;3,84;6,85;6,88;3,89;7,91;6,92;1,94;7,95;3,96;3,97;1,98;6,99;7,100;1,101;1,102;7,104;6,105;1,106;7,107;1,108;1,109;1,110;6,111;3,112;7,114;6,115;5,117;1,118;1,120;10,121;6,124;6,125;6,126;6,127;6,128;7,129;3,130;6,131;3,132;6,133;3,134;6,135;3,136;3,137;2,138;1,139;7,141;1,146;3,147;1,148;3,149;6,150;7,152;3,153;7,154;7,155;3,156;7,158;1,159;6,161;6,162;7,163;7,164;6,165;7,166;1,167;1
emj:27;1,35;1,91;1,115;2,120;1,138;1
emm:10;1,11;2,19;1,54;3,80;3,152;2,154;11
empti:137;1
enabl:1;1,2;1,4;1,5;1,6;1,8;1,9;1,11;1,12;1,13;1,15;1,16;1,18;1,25;1,26;1,28;1,30;1,31;1,32;1,33;1,35;1,36;1,38;1,39;1,42;1,43;1,44;1,46;1,49;1,52;1,53;1,54;1,56;1,59;1,60;1,61;1,62;1,67;1,69;1,70;1,71;1,72;1,73;1,74;1,75;1,76;1,78;1,79;1,83;1,84;1,85;1,86;1,87;1,88;1,91;1,93;1,95;1,96;1,98;1,103;1,110;1,111;1,113;1,114;1,116;1,119;1,121;1,122;1,123;1,124;1,125;1,126;1,127;1,129;1,130;1,131;1,132;1,133;1,134;1,135;1,136;1,140;1,142;1,143;1,144;1,145;1,146;1,148;1,151;1,152;1,155;1,157;1,159;1,160;1,161;1,164;1
end:99;1
english:7;2,17;2,22;2,29;2,40;2,41;2,47;2,50;2,51;2,55;2,58;2,63;2,66;2,68;2,81;2,89;2,94;2,99;2,102;2,104;2,106;2,112;2,115;2,120;2,128;2,137;2,139;2,149;2,150;2,153;2,154;2,156;2,162;2,163;2,165;2
enter:2;1,6;1,7;4,8;1,17;4,22;4,29;4,30;1,39;1,40;4,41;4,43;1,47;4,50;4,51;4,52;1,55;4,56;1,58;4,59;1,60;1,61;1,63;4,66;4,67;1,68;4,70;1,79;1,81;4,83;1,88;1,89;4,94;4,95;1,96;1,99;4,102;4,104;4,106;4,111;1,112;4,115;4,120;4,128;4,129;1,131;1,133;1,135;1,136;1,137;3,139;4,146;1,148;1,149;4,150;4,152;1,153;4,154;4,155;1,156;4,162;4,163;4,165;4
eppstein:62;1,92;1,150;1
equat:120;1
error:90;1
estonian:137;1
eukaryot:120;1
euskara:137;1
event:51;1
ever:120;1
everi:1;1,2;2,4;1,5;1,6;2,8;2,9;1,11;1,13;1,25;1,28;1,30;2,31;1,32;1,38;1,39;2,42;1,43;2,44;1,49;1,52;2,56;2,59;2,60;2,61;2,67;2,69;1,70;2,75;1,76;1,79;2,83;2,86;1,87;1,88;2,93;1,95;2,96;2,103;1,111;2,113;1,116;1,119;1,122;1,123;1,129;2,131;2,133;2,135;2,136;2,140;1,142;1,143;1,144;1,145;1,146;2,148;2,151;1,152;2,155;2,157;1,160;1
exampl:120;1
exchang:51;1
exist:7;1,17;1,22;1,29;1,40;1,41;1,47;1,50;1,51;2,55;1,58;1,63;1,66;1,68;1,81;1,89;1,94;1,99;1,102;1,104;1,106;1,112;1,115;1,120;1,128;1,139;1,149;1,150;1,153;1,154;1,156;1,162;1,163;1,165;1
exit:1;1,2;1,4;1,5;1,6;1,8;1,9;1,11;1,13;1,25;1,28;1,30;1,31;1,32;1,38;1,39;1,42;1,43;1,44;1,49;1,52;1,56;1,59;1,60;1,61;1,67;1,69;1,70;1,75;1,76;1,79;1,83;1,86;1,87;1,88;1,93;1,95;1,96;1,103;1,111;1,113;1,116;1,119;1,122;1,123;1,129;1,131;1,133;1,135;1,136;1,140;1,142;1,143;1,144;1,145;1,146;1,148;1,151;1,152;1,155;1,157;1,160;1
expect:120;1
expir:1;2,2;2,4;2,5;2,6;2,8;2,9;2,11;2,13;2,25;2,28;2,30;2,31;2,32;2,38;2,39;2,42;2,43;2,44;2,49;2,52;2,56;2,59;2,60;2,61;2,67;2,69;2,70;2,75;2,76;2,79;2,83;2,86;2,87;2,88;2,93;2,95;2,96;2,103;2,111;2,113;2,116;2,119;2,122;2,123;2,129;2,131;2,133;2,135;2,136;2,140;2,142;2,143;2,144;2,145;2,146;2,148;2,151;2,152;2,155;2,157;2,160;2
explain:120;1
explicit:1;1,2;1,4;1,5;1,6;1,8;1,9;1,11;1,13;1,25;1,28;1,30;1,31;1,32;1,38;1,39;1,42;1,43;1,44;1,49;1,52;1,56;1,59;1,60;1,61;1,67;1,69;1,70;1,75;1,76;1,79;1,83;1,86;1,87;1,88;1,90;1,93;1,95;1,96;1,103;1,111;1,113;1,116;1,119;1,122;1,123;1,129;1,131;1,133;1,135;1,136;1,140;1,142;1,143;1,144;1,145;1,146;1,148;1,151;1,152;1,155;1,157;1,160;1
extend:120;1
f:10;1,19;1,47;1
faculti:10;2,19;2,59;2,65;4,94;12,126;4,143;2
fagostin:74;1,99;1,166;1
fe:150;1
fellow:50;1
field:7;1,17;1,22;1,29;1,40;1,41;1,47;1,50;1,51;1,55;1,58;1,63;1,66;1,68;1,81;1,89;1,94;1,99;1,102;1,104;1,106;1,112;1,115;1,120;2,128;1,137;3,139;1,149;1,150;1,153;1,154;1,156;1,162;1,163;1,165;1
fill:7;1,17;1,22;1,29;1,40;1,41;1,47;1,50;1,51;1,55;1,58;1,63;1,66;1,68;1,81;1,89;1,94;1,99;1,102;1,104;1,106;1,112;1,115;1,120;1,128;1,139;1,149;1,150;1,153;1,154;1,156;1,162;1,163;1,165;1
find:10;1,90;1
finnish:137;1
first:12;1,15;1,16;1,18;1,26;1,33;1,35;1,36;1,46;1,53;1,54;1,62;1,71;1,72;1,73;1,74;1,78;1,84;1,85;1,91;1,98;1,110;1,114;1,121;1,124;1,125;1,126;1,127;1,130;1,132;1,134;1,159;1,161;1,164;1
floor:58;1
follow:7;1,17;1,22;1,29;1,40;1,41;1,47;1,50;1,51;1,55;1,58;1,63;1,66;1,68;1,81;1,89;1,94;1,99;1,102;1,104;1,106;1,112;1,115;1,120;2,128;1,139;1,149;1,150;1,153;1,154;1,156;1,162;1,163;1,165;1
for:7;4,10;5,17;3,19;5,22;3,29;3,40;3,41;7,47;3,50;4,51;3,55;3,58;6,63;4,66;2,68;3,81;5,89;3,90;1,94;3,99;3,102;3,104;3,106;3,112;3,115;5,120;9,128;3,137;3,139;2,149;3,150;5,153;3,154;3,156;2,162;3,163;3,165;3
form:7;1,17;1,22;1,29;1,40;1,41;1,47;1,50;1,51;1,55;1,58;1,63;1,66;1,68;1,81;1,89;1,94;1,99;1,102;1,104;1,106;1,112;1,115;1,120;1,128;1,137;1,139;1,149;1,150;1,153;1,154;1,156;1,162;1,163;1,165;1
fortun:120;1
foster:50;1
found:19;1
foundat:120;1
french:137;1
friend:0;4,10;1,19;1,28;2,40;12,70;2,121;4
friendship:50;1
from:1;1,2;1,4;1,5;1,6;1,7;3,8;1,9;1,10;1,11;1,12;2,13;1,15;2,16;2,17;2,18;2,19;1,22;2,25;1,26;2,28;1,29;2,30;1,31;1,32;1,33;2,35;2,36;2,38;1,39;1,40;2,41;2,42;1,43;1,44;1,46;2,47;2,49;1,50;2,51;2,52;1,53;2,54;2,55;3,56;1,58;2,59;1,60;1,61;1,62;2,63;2,66;3,67;1,68;2,69;1,70;1,71;2,72;2,73;2,74;2,75;1,76;1,78;2,79;1,81;2,83;1,84;2,85;2,86;1,87;1,88;1,89;2,91;2,93;1,94;2,95;1,96;1,98;2,99;2,102;2,103;1,104;2,106;2,110;2,111;1,112;2,113;1,114;2,115;4,116;1,119;1,120;7,121;2,122;1,123;1,124;2,125;2,126;2,127;2,128;2,129;1,130;2,131;1,132;2,133;1,134;2,135;1,136;1,139;3,140;1,142;1,143;1,144;1,145;1,146;1,148;1,149;2,150;3,151;1,152;1,153;2,154;2,155;1,156;3,157;1,159;2,160;1,161;2,162;2,163;2,164;2,165;2
function:120;1
furth:41;1
futur:120;1
galician:137;1
gener:7;1,10;1,17;1,19;1,22;1,29;1,40;1,41;1,47;1,50;1,51;1,55;1,58;1,63;1,66;1,68;1,81;1,89;1,94;1,99;1,102;1,104;1,106;1,112;1,115;1,120;1,128;1,137;3,139;1,149;1,150;1,153;1,154;1,156;1,162;1,163;1,165;1
geometri:120;1
german:137;1
get:7;1,10;1,17;1,22;1,29;1,40;1,41;1,47;1,50;1,51;1,55;1,58;1,63;1,66;1,68;1,81;1,89;1,94;1,99;1,102;1,104;1,106;1,112;1,115;1,120;1,128;1,139;1,149;1,150;1,153;1,154;1,156;1,162;1,163;1,165;1
give:12;1,15;1,16;1,18;1,26;1,33;1,35;1,36;1,46;1,53;1,54;1,62;1,71;1,72;1,73;1,74;1,78;1,84;1,85;1,91;1,98;1,110;1,114;1,120;1,121;1,124;1,125;1,126;1,127;1,130;1,132;1,134;1,159;1,161;1,164;1
given:137;1
glob:51;1
gmail:62;1,92;1,150;1
goodrich:62;1,92;1,150;1
grad:10;1,19;1,50;11,69;2,97;3,125;3,131;2
graduat:10;1,19;1,50;2
grammar:120;1
graph:120;2
graphic:120;1
gratuit:7;1,55;1,66;1,139;1,150;1,156;1
greek:137;1
group:10;2,19;2,39;2,50;1,51;1,68;12,99;1,110;4,117;4,151;2
grow:120;1
gurban:74;1,99;1,166;1
hall:58;1
han:10;2,19;2,48;4,75;2,79;2,106;13,127;4
hana:10;1,19;1,58;3
hanalab:5;2,10;2,19;2,24;3,34;3,52;2,58;12,87;2,128;11,130;3,133;2,164;3
hard:120;1
has:90;1
have:1;1,2;2,4;1,5;1,6;2,8;2,9;1,10;1,11;1,12;3,13;1,15;3,16;3,18;3,19;1,25;1,26;3,28;1,30;2,31;1,32;1,33;3,35;3,36;3,38;1,39;2,42;1,43;2,44;1,46;3,49;1,51;1,52;2,53;3,54;3,56;2,59;2,60;2,61;2,62;3,67;2,69;1,70;2,71;3,72;3,73;3,74;3,75;1,76;1,78;3,79;2,83;2,84;3,85;3,86;1,87;1,88;2,91;3,93;1,95;2,96;2,98;3,103;1,110;3,111;2,113;1,114;3,116;1,119;1,120;1,121;3,122;1,123;1,124;3,125;3,126;3,127;3,129;2,130;3,131;2,132;3,133;2,134;3,135;2,136;2,137;2,140;1,142;1,143;1,144;1,145;1,146;2,148;2,151;1,152;2,155;2,157;1,159;3,160;1,161;3,164;3
hayesg:21;1,89;1,159;1
hbyrn:78;1,109;1,156;1
hebrew:137;1
held:7;1,17;1,22;1,29;1,40;1,41;1,47;1,50;1,51;1,55;1,58;1,63;1,68;1,81;1,89;1,94;1,99;1,102;1,104;1,106;1,112;1,115;1,120;1,128;1,149;1,150;1,153;1,154;1,162;1,163;1,165;1
help:51;2
heterogen:120;1
hidden:7;1,22;1,41;1,115;1,120;1,153;1
high:115;1
hit:1;1,4;1,5;1,9;1,11;1,13;1,25;1,28;1,31;1,32;1,38;1,42;1,44;1,49;1,69;1,75;1,76;1,86;1,87;1,90;1,93;1,103;1,113;1,116;1,119;1,122;1,123;1,140;1,142;1,143;1,144;1,145;1,151;1,157;1,160;1
hobb:10;1,18;3,19;1,42;2,45;3,67;2,102;11
hold:137;1
how:51;1,120;1
htm:120;1
html:115;1
http:41;1,120;1
hungarian:137;1
i:120;2
ic:0;3,3;2,7;3,10;8,12;2,14;3,15;1,16;5,17;4,18;2,19;8,20;2,21;2,22;14,23;2,24;1,26;1,27;2,29;2,33;2,34;1,35;1,36;2,37;2,40;4,41;6,45;2,46;2,47;3,48;2,50;5,51;3,53;2,54;3,55;15,57;1,58;3,62;1,63;4,64;2,65;3,66;3,68;3,71;4,72;3,73;1,74;1,76;2,77;2,78;2,80;3,81;3,82;2,84;2,85;2,89;3,91;2,92;1,93;2,94;4,97;2,98;2,99;2,100;4,101;1,102;3,104;2,105;2,106;3,107;1,108;1,109;2,110;2,112;3,114;2,115;2,117;2,118;3,120;3,121;3,124;2,125;2,126;3,127;2,128;2,130;1,132;3,134;1,137;2,138;1,139;3,141;5,147;2,149;2,150;3,153;2,154;4,156;3,158;2,159;2,161;5,162;3,163;3,164;1,165;4,166;1,167;5
icsb:10;2,19;2,27;3,49;2,91;3,96;2,120;13
icsbtutorialweb:120;1
ident:137;1
if:2;1,6;1,7;2,8;1,10;1,12;2,15;2,16;2,17;2,18;2,19;1,22;2,26;2,29;2,30;1,33;2,35;2,36;2,39;1,40;2,41;2,43;1,46;2,47;2,50;2,51;2,52;1,53;2,54;2,55;2,56;1,58;2,59;1,60;1,61;1,62;2,63;2,66;2,67;1,68;2,70;1,71;2,72;2,73;2,74;2,78;2,79;1,81;2,83;1,84;2,85;2,88;1,89;2,91;2,94;2,95;1,96;1,98;2,99;2,102;2,104;2,106;2,110;2,111;1,112;2,114;2,115;4,120;2,121;2,124;2,125;2,126;2,127;2,128;2,129;1,130;2,131;1,132;2,133;1,134;2,135;1,136;1,137;2,139;2,146;1,148;1,149;2,150;2,152;1,153;2,154;2,155;1,156;2,159;2,161;2,162;2,163;2,164;2,165;2
igb:10;1,19;1,37;3,98;3,113;2,155;2,162;11
ihler:41;1,71;1,100;1
imaxon:0;1,14;1,40;1,121;1,132;1,165;1
import:1;1,2;1,4;1,5;1,6;1,8;1,9;1,11;1,12;1,13;1,15;1,16;1,18;1,25;1,26;1,28;1,30;1,31;1,32;1,33;1,35;1,36;1,38;1,39;1,42;1,43;1,44;1,46;1,49;1,52;1,53;1,54;1,56;1,59;1,60;1,61;1,62;1,67;1,69;1,70;1,71;1,72;1,73;1,74;1,75;1,76;1,78;1,79;1,83;1,84;1,85;1,86;1,87;1,88;1,91;1,93;1,95;1,96;1,98;1,103;1,110;1,111;1,113;1,114;1,116;1,119;1,121;1,122;1,123;1,124;1,125;1,126;1,127;1,129;1,130;1,131;1,132;1,133;1,134;1,135;1,136;1,140;1,142;1,143;1,144;1,145;1,146;1,148;1,151;1,152;1,155;1,157;1,159;1,160;1,161;1,164;1
in:1;3,2;2,4;3,5;3,6;2,7;3,8;2,9;3,11;3,12;5,13;3,15;5,16;5,17;3,18;5,22;2,25;3,26;5,28;3,29;3,30;2,31;3,32;3,33;5,35;5,36;5,38;3,39;2,40;3,41;3,42;3,43;2,44;3,46;5,47;3,49;3,50;3,51;5,52;2,53;5,54;5,55;3,56;2,58;3,59;2,60;2,61;2,62;5,63;3,66;3,67;2,68;3,69;3,70;2,71;5,72;5,73;5,74;5,75;3,76;3,78;5,79;2,81;3,83;2,84;5,85;5,86;3,87;3,88;2,89;3,90;3,91;5,93;3,94;3,95;2,96;2,98;5,99;4,102;3,103;3,104;3,106;3,110;5,111;2,112;3,113;3,114;5,115;3,116;3,119;3,120;7,121;5,122;3,123;3,124;5,125;5,126;5,127;5,128;3,129;2,130;5,131;2,132;5,133;2,134;5,135;2,136;2,137;2,139;3,140;3,142;3,143;3,144;3,145;3,146;2,148;2,149;3,150;3,151;3,152;2,153;3,154;3,155;2,156;3,157;3,159;5,160;3,161;5,162;3,163;3,164;5,165;3
includ:120;3
industri:51;1
infer:10;1,19;1,115;2,120;1
info:7;1,17;1,22;1,29;1,40;1,41;1,47;1,50;1,51;1,55;1,58;1,63;1,66;1,68;1,81;1,89;1,94;1,99;1,102;1,104;1,106;1,112;1,115;1,120;1,128;1,139;1,149;1,150;1,153;1,154;1,156;1,162;1,163;1,165;1
inform:10;2,19;1,41;1,51;1,90;3,115;1,137;1
informat:7;2,10;3,19;3,47;1,51;1,55;1
inhibit:90;1
inhomogen:120;1
initi:137;10
insa:7;11,9;2,10;1,19;1,36;3,55;12,76;2,147;3,161;4,167;4
instruct:12;1,15;1,16;1,18;1,26;1,33;1,35;1,36;1,46;1,53;1,54;1,62;1,71;1,72;1,73;1,74;1,78;1,84;1,85;1,91;1,98;1,110;1,114;1,121;1,124;1,125;1,126;1,127;1,130;1,132;1,134;1,159;1,161;1,164;1
integr:120;1
intellig:41;2
intend:50;1,115;1
interest:51;1
interfac:0;1,1;1,2;1,3;1,4;1,5;1,6;1,7;1,8;1,9;1,10;1,11;1,12;1,13;1,14;1,15;1,16;1,17;1,18;1,20;1,21;1,22;1,23;1,24;1,25;1,26;1,27;1,28;1,29;1,30;1,31;1,32;1,33;1,34;1,35;1,36;1,37;1,38;1,39;1,40;1,41;1,42;1,43;1,44;1,45;1,46;1,47;1,48;1,49;1,50;1,51;1,52;1,53;1,54;1,55;1,56;1,57;1,58;1,59;1,60;1,61;1,62;1,63;1,64;1,65;1,66;1,67;1,68;1,69;1,70;1,71;1,72;1,73;1,74;1,75;1,76;1,77;1,78;1,79;1,80;1,81;1,82;1,83;1,84;1,85;1,86;1,87;1,88;1,89;1,91;1,92;1,93;1,94;1,95;1,96;1,97;1,98;1,99;1,100;1,101;1,102;1,103;1,104;1,105;1,106;1,107;1,108;1,109;1,110;1,111;1,112;1,113;1,114;1,115;1,116;1,117;1,118;1,119;1,120;1,121;1,122;1,123;1,124;1,125;1,126;1,127;1,128;1,129;1,130;1,131;1,132;1,133;1,134;1,135;1,136;1,138;1,139;1,140;1,141;1,142;1,143;1,144;1,145;1,146;1,147;1,148;1,149;1,150;1,151;1,152;1,153;1,154;1,155;1,156;1,157;1,158;1,159;1,160;1,161;1,162;1,163;1,164;1,165;1,166;1,167;1
interlingua:137;1
into:137;1
irvin:10;1,19;1,41;1,115;2,150;1
is:7;4,10;1,17;5,19;1,22;4,29;5,40;5,41;5,47;5,50;7,51;4,55;4,58;6,63;6,66;4,68;5,81;5,89;5,94;5,99;4,102;5,104;5,106;5,112;5,115;5,120;5,128;5,137;2,139;4,149;5,150;5,153;5,154;5,156;4,162;5,163;5,165;5
isg:0;3,10;1,19;1,28;2,40;11,70;2,121;3
it:7;2,12;1,15;1,16;1,17;2,18;1,22;2,26;1,29;2,33;1,35;1,36;1,40;2,41;2,46;1,47;2,50;3,51;3,53;1,54;1,55;2,58;3,62;1,63;2,66;2,68;2,71;1,72;1,73;1,74;1,78;1,81;2,84;1,85;1,89;2,91;1,94;2,98;1,99;2,102;2,104;2,106;2,110;1,112;2,114;1,115;2,120;3,121;1,124;1,125;1,126;1,127;1,128;2,130;1,132;1,134;1,137;1,139;2,149;2,150;2,153;2,154;2,156;2,159;1,161;1,162;2,163;2,164;1,165;2
italian:137;1
ivecg:10;2,17;11,19;2,59;2,65;3,72;3,94;11,118;3,126;3,129;2,143;2,144;2
j:3;1,12;1,51;1
jain:54;1,80;1,154;1
janetmk:17;1,37;1,65;1,72;1,94;1,98;1,118;1,126;1,162;1
japanes:137;1
jingwz2:24;1,34;1,58;1,128;1,130;1,164;1
join:120;1
junkyul:41;1,71;1,100;1
just:12;1,15;1,16;1,18;1,26;1,33;1,35;1,36;1,46;1,53;1,54;1,62;1,71;1,72;1,73;1,74;1,78;1,84;1,85;1,91;1,98;1,110;1,114;1,115;1,120;1,121;1,124;1,125;1,126;1,127;1,130;1,132;1,134;1,159;1,161;1,164;1
korean:137;1
l:10;1,19;1,29;12,73;4,108;4,135;2,157;2
lab:10;1,19;1,58;5
laboratori:10;1,19;1,115;2
languag:7;1,17;1,22;1,29;1,40;1,41;1,47;1,50;1,51;1,55;1,58;1,63;1,66;1,68;1,81;1,89;1,94;1,99;1,102;1,104;1,106;1,112;1,115;1,120;1,128;1,137;3,139;1,149;1,150;1,153;1,154;1,156;1,162;1,163;1,165;1
learn:10;1,19;1,41;2,99;1
least:137;1
leav:7;1,17;1,22;1,29;1,40;1,41;1,47;1,50;1,51;1,55;1,58;1,63;1,66;1,68;1,81;1,89;1,94;1,99;1,102;1,104;1,106;1,112;1,115;1,120;1,128;1,137;1,139;1,149;1,150;1,153;1,154;1,156;1,162;1,163;1,165;1
life:51;1
like:7;1,17;1,29;1,40;1,41;1,47;1,50;1,51;1,55;1,58;1,63;1,66;1,68;1,81;1,89;1,94;1,99;1,102;1,104;1,106;1,112;1,115;2,120;2,128;1,139;1,149;1,150;1,153;1,154;1,156;1,162;1,163;1,165;1
link:1;1,4;1,5;1,9;1,11;1,12;1,13;1,15;1,16;1,18;1,19;2,25;1,26;1,28;1,31;1,32;1,33;1,35;1,36;1,38;1,42;1,44;1,46;1,49;1,53;1,54;1,62;1,69;1,71;1,72;1,73;1,74;1,75;1,76;1,78;1,84;1,85;1,86;1,87;1,91;1,93;1,98;1,103;1,110;1,113;1,114;1,116;1,119;1,120;1,121;1,122;1,123;1,124;1,125;1,126;1,127;1,130;1,132;1,134;1,140;1,142;1,143;1,144;1,145;1,151;1,157;1,159;1,160;1,161;1,164;1
list:0;2,1;1,3;2,4;1,5;1,7;13,9;1,10;13,11;1,12;5,13;1,14;2,15;5,16;5,17;14,18;5,19;11,20;2,21;2,22;13,23;2,24;2,25;1,26;5,27;2,28;1,29;15,31;1,32;1,33;5,34;2,35;5,36;5,37;2,38;1,40;14,41;16,42;1,44;1,45;2,46;5,47;14,48;2,49;1,50;14,51;14,53;5,54;5,55;12,57;2,58;15,62;5,63;15,64;2,65;2,66;12,68;14,69;1,71;5,72;5,73;5,74;5,75;1,76;1,77;2,78;5,80;2,81;14,82;2,84;5,85;5,86;1,87;1,89;14,91;5,92;2,93;1,94;14,97;2,98;5,99;13,100;2,101;2,102;14,103;1,104;14,105;2,106;14,107;2,108;2,109;2,110;5,112;14,113;1,114;5,115;15,116;1,117;2,118;2,119;1,120;17,121;5,122;1,123;1,124;5,125;5,126;5,127;5,128;14,130;5,132;5,134;5,137;30,138;2,139;12,140;1,141;2,142;1,143;1,144;1,145;1,147;2,149;14,150;13,151;1,153;15,154;14,156;12,157;1,158;2,159;5,160;1,161;5,162;14,163;14,164;5,165;14,166;2,167;2
lithuanian:137;1
ll:1;1,4;1,5;1,9;1,11;1,13;1,25;1,28;1,31;1,32;1,38;1,42;1,44;1,49;1,69;1,75;1,76;1,86;1,87;1,93;1,103;1,113;1,116;1,119;1,122;1,123;1,140;1,142;1,143;1,144;1,145;1,151;1,157;1,160;1
log:1;1,2;1,4;1,5;1,6;1,8;1,9;1,11;1,12;1,13;1,15;1,16;1,18;1,25;1,26;1,28;1,30;1,31;1,32;1,33;1,35;1,36;1,38;1,39;1,42;1,43;1,44;1,46;1,49;1,52;1,53;1,54;1,56;1,59;1,60;1,61;1,62;1,67;1,69;1,70;1,71;1,72;1,73;1,74;1,75;1,76;1,78;1,79;1,83;1,84;1,85;1,86;1,87;1,88;1,90;1,91;1,93;1,95;1,96;1,98;1,103;1,110;1,111;1,113;1,114;1,116;1,119;1,121;1,122;1,123;1,124;1,125;1,126;1,127;1,129;1,130;1,131;1,132;1,133;1,134;1,135;1,136;1,140;1,142;1,143;1,144;1,145;1,146;1,148;1,151;1,152;1,155;1,157;1,159;1,160;1,161;1,164;1
login:12;2,15;2,16;2,18;2,26;2,33;2,35;2,36;2,46;2,53;2,54;2,62;2,71;2,72;2,73;2,74;2,78;2,84;2,85;2,91;2,98;2,110;2,114;2,121;2,124;2,125;2,126;2,127;2,130;2,132;2,134;2,159;2,161;2,164;2
logout:1;1,4;1,5;1,9;1,11;1,13;1,25;1,28;1,31;1,32;1,38;1,42;1,44;1,49;1,69;1,75;1,76;1,86;1,87;1,93;1,103;1,113;1,116;1,119;1,122;1,123;1,140;1,142;1,143;1,144;1,145;1,151;1,157;1,160;1
lope:17;1,65;1,72;1,94;1,118;1,126;1
lowercas:137;1
machin:10;1,19;1,41;2,99;1
mail:0;1,3;1,7;3,10;3,12;1,14;1,15;1,16;1,17;3,18;1,19;5,20;1,21;1,22;2,23;1,24;1,26;1,27;1,29;3,33;1,34;1,35;1,36;1,37;1,40;3,41;3,45;1,46;1,47;3,48;1,50;3,51;3,53;1,54;1,55;3,57;1,58;3,62;1,63;4,64;1,65;1,66;3,68;3,71;1,72;1,73;1,74;1,77;1,78;1,80;1,81;3,82;1,84;1,85;1,89;3,91;1,92;1,94;3,97;1,98;1,99;3,100;1,101;1,102;3,104;3,105;1,106;3,107;1,108;1,109;1,110;1,112;3,114;1,115;3,117;1,118;1,120;3,121;1,124;1,125;1,126;1,127;1,128;3,130;1,132;1,134;1,137;5,138;1,139;3,141;1,147;1,149;3,150;3,153;3,154;3,156;3,158;1,159;1,161;1,162;3,163;3,164;1,165;3,166;1,167;1
mailman:1;1,2;1,4;1,5;1,6;1,8;1,9;1,10;4,11;1,13;1,19;5,25;1,28;1,30;1,31;1,32;1,38;1,39;1,42;1,43;1,44;1,49;1,52;1,56;1,59;1,60;1,61;1,67;1,69;1,70;1,75;1,76;1,79;1,83;1,86;1,87;1,88;1,90;3,93;1,95;1,96;1,103;1,111;1,113;1,116;1,119;1,122;1,123;1,129;1,131;1,133;1,135;1,136;1,137;3,140;1,142;1,143;1,144;1,145;1,146;1,148;1,151;1,152;1,155;1,157;1,160;1
make:50;1,58;1
manag:10;2,19;1,149;1
mani:120;1
mathemat:120;4
may:7;1,17;1,22;1,29;1,40;1,41;1,47;1,50;1,51;1,55;1,58;1,63;1,66;1,68;1,81;1,89;1,94;1,99;1,102;1,104;1,106;1,112;1,115;1,120;1,128;1,139;1,149;1,150;1,153;1,154;1,156;1,162;1,163;1,165;1
mcs:2;2,10;2,19;2,64;4,86;2,114;4,139;13
mcupino:20;1,47;1,85;1
mean:7;1,17;2,22;2,29;2,40;2,41;2,47;2,50;2,51;2,55;1,58;4,63;2,66;1,68;2,81;2,89;2,94;2,99;2,102;2,104;2,106;2,112;2,115;2,120;2,128;2,139;1,149;2,150;1,153;2,154;2,156;1,162;2,163;2,165;2
mechan:10;1,19;1,149;1
memb:85;2,114;2
member:2;1,6;1,7;2,8;1,12;2,15;2,16;2,17;5,18;2,22;2,26;2,29;5,30;1,33;2,35;2,36;2,39;1,40;5,41;3,43;1,46;2,47;5,50;5,51;4,52;1,53;2,54;2,55;4,56;1,58;5,59;1,60;1,61;1,62;2,63;5,66;5,67;1,68;5,70;1,71;2,72;2,73;2,74;2,78;2,79;1,81;5,83;1,84;2,88;1,89;5,91;2,94;5,95;1,96;1,98;2,99;4,102;5,104;5,106;5,110;2,111;1,112;5,115;1,120;2,121;2,124;2,125;2,126;2,127;2,128;5,129;1,130;2,131;1,132;2,133;1,134;2,135;1,136;1,137;2,139;5,146;1,148;1,149;5,150;5,152;1,153;3,154;5,155;1,156;5,159;2,161;2,162;5,163;5,164;2,165;5
membership:12;3,15;3,16;3,18;3,26;3,33;3,35;3,36;3,46;3,53;3,54;3,62;3,71;3,72;3,73;3,74;3,78;3,84;3,85;3,91;3,98;3,110;3,114;3,121;3,124;3,125;3,126;3,127;3,130;3,132;3,134;3,159;3,161;3,164;3
mess:7;1,17;1,22;1,29;1,40;1,41;1,47;1,50;1,51;1,55;1,58;1,63;1,66;1,68;1,81;1,89;1,94;1,99;1,102;1,104;1,106;1,112;1,115;1,120;1,128;1,139;1,149;1,150;1,153;1,154;1,156;1,162;1,163;1,165;1
messag:7;2,12;4,15;4,16;4,17;2,18;4,22;2,26;4,29;2,33;4,35;4,36;4,40;2,41;2,46;4,47;2,50;2,51;2,53;4,54;4,55;2,58;2,62;4,63;2,66;2,68;2,71;4,72;4,73;4,74;4,78;4,81;2,84;4,85;4,89;2,91;4,94;2,98;4,99;2,102;2,104;2,106;2,110;4,112;2,114;4,115;1,120;1,121;4,124;4,125;4,126;4,127;4,128;2,130;4,132;4,134;4,137;1,139;2,149;2,150;2,153;2,154;2,156;2,159;4,161;4,162;2,163;2,164;4,165;2
metabol:120;1
method:120;1
middlewar:10;1,19;1,81;2
mild:7;1,17;1,22;1,29;1,40;1,41;1,47;1,50;1,51;1,55;1,58;1,63;1,66;1,68;1,81;1,89;1,94;1,99;1,102;1,104;1,106;1,112;1,115;1,120;1,128;1,139;1,149;1,150;1,153;1,154;1,156;1,162;1,163;1,165;1
mjcarey:14;1,132;1,165;1
mjols:10;2,19;2,27;4,49;2,91;4,96;2,120;12
mlrg:10;1,19;1,74;3,99;11,122;2,166;3
model:120;6
moder:7;2,17;1,22;1,29;1,40;1,41;1,47;1,50;1,51;1,55;2,58;1,63;1,68;1,81;1,89;1,94;1,99;1,102;1,104;1,106;1,112;1,115;1,120;1,128;1,137;1,149;1,150;2,153;1,154;1,162;1,163;1,165;1
modifi:137;1
molecular:120;2
month:7;1,17;1,29;1,40;1,50;1,51;1,55;1,58;1,63;1,66;1,68;1,89;1,94;1,102;1,106;1,112;1,128;1,139;1,153;1,154;1,156;1,162;1,163;1,165;1
more:10;1
motifmap:4;2,10;1,19;1,26;3,83;2,101;3,153;11
multicellular:120;1
must:0;1,1;1,2;1,3;1,4;1,5;1,6;1,8;1,9;1,11;1,12;2,13;1,14;1,15;2,16;2,18;2,20;1,21;1,23;1,24;1,25;1,26;2,27;1,28;1,30;1,31;1,32;1,33;2,34;1,35;2,36;2,37;1,38;1,39;1,42;1,43;1,44;1,45;1,46;2,48;1,49;1,52;1,53;2,54;2,56;1,57;1,59;1,60;1,61;1,62;2,64;1,65;1,67;1,69;1,70;1,71;2,72;2,73;2,74;2,75;1,76;1,77;1,78;2,79;1,80;1,82;1,83;1,84;2,85;2,86;1,87;1,88;1,91;2,92;1,93;1,95;1,96;1,97;1,98;2,100;1,101;1,103;1,105;1,107;1,108;1,109;1,110;2,111;1,113;1,114;2,116;1,117;1,118;1,119;1,121;2,122;1,123;1,124;2,125;2,126;2,127;2,129;1,130;2,131;1,132;2,133;1,134;2,135;1,136;1,137;1,138;1,140;1,141;1,142;1,143;1,144;1,145;1,146;1,147;1,148;1,151;1,152;1,155;1,157;1,158;1,159;2,160;1,161;2,164;2,166;1,167;1
name:7;1,10;2,17;1,19;2,22;1,29;1,40;1,41;1,47;1,50;1,51;1,55;1,58;1,63;1,66;1,68;1,81;1,89;1,94;1,99;1,102;1,104;1,106;1,112;1,115;1,120;1,128;1,137;2,139;1,149;1,150;1,153;1,154;1,156;1,162;1,163;1,165;1
ne:1;1,2;1,4;1,5;1,6;1,8;1,9;1,11;1,13;1,25;1,28;1,30;1,31;1,32;1,38;1,39;1,42;1,43;1,44;1,49;1,52;1,56;1,59;1,60;1,61;1,67;1,69;1,70;1,75;1,76;1,79;1,83;1,86;1,87;1,88;1,93;1,95;1,96;1,103;1,111;1,113;1,116;1,119;1,122;1,123;1,129;1,131;1,133;1,135;1,136;1,137;1,140;1,142;1,143;1,144;1,145;1,146;1,148;1,151;1,152;1,155;1,157;1,160;1
near:120;1
neha:16;1,22;1,141;1
netcollapseomat:3;1,12;1,51;1
new:7;12,9;2,19;1,36;4,41;1,120;1,137;4,147;4
newslett:10;1,19;1,115;3
no:1;1,4;1,5;1,7;1,9;1,10;17,11;1,13;1,17;1,19;17,25;1,28;1,29;1,31;1,32;1,38;1,40;1,41;1,42;1,44;1,47;1,49;1,50;1,51;1,55;1,58;1,63;1,66;1,68;1,69;1,75;1,76;1,81;1,86;1,87;1,89;1,93;1,94;1,99;1,102;1,103;1,104;1,106;1,112;1,113;1,115;1,116;1,119;1,120;1,122;1,123;1,128;1,137;3,139;1,140;1,142;1,143;1,144;1,145;1,149;1,150;1,151;1,153;1,154;1,156;1,157;1,160;1,162;1,163;1,165;1
non:17;1,29;1,40;1,47;1,50;1,51;1,55;1,58;1,63;1,66;1,68;1,81;1,89;1,94;1,99;1,102;1,104;1,106;1,112;1,128;1,139;1,149;1,150;1,154;1,156;1,162;1,163;1,165;1
none:12;1,15;1,16;1,18;1,26;1,33;1,35;1,36;1,46;1,53;1,54;1,62;1,71;1,72;1,73;1,74;1,78;1,84;1,85;1,91;1,98;1,110;1,114;1,121;1,124;1,125;1,126;1,127;1,130;1,132;1,134;1,159;1,161;1,164;1
norwegian:137;1
not:7;2,17;3,22;2,29;3,40;3,41;2,47;3,50;3,51;3,55;3,58;3,63;3,66;3,68;3,81;3,89;3,94;3,99;3,102;3,104;3,106;3,112;3,115;4,120;4,128;3,137;2,139;3,149;3,150;3,153;2,154;3,156;3,162;3,163;3,165;3
note:137;2
notif:137;1
notifi:7;1,17;1,22;1,29;1,40;1,41;1,47;1,50;1,51;1,55;1,58;1,63;1,68;1,81;1,89;1,94;1,99;1,102;1,104;1,106;1,112;1,115;1,120;1,128;1,149;1,150;1,153;1,154;1,162;1,163;1,165;1
nsf:10;1,19;1
object:120;1
occasion:7;1,17;1,22;1,29;1,40;1,41;1,47;1,50;1,51;1,55;1,58;1,63;1,66;1,68;1,81;1,89;1,94;1,99;1,102;1,104;1,106;1,112;1,115;1,120;1,128;1,139;1,149;1,150;1,153;1,154;1,156;1,162;1,163;1,165;1
octob:120;1
of:0;1,3;1,7;5,10;2,12;2,14;1,15;2,16;2,17;5,18;2,19;2,20;1,21;1,22;5,23;1,24;1,26;2,27;1,29;5,33;2,34;1,35;2,36;2,37;1,40;5,41;5,45;1,46;2,47;5,48;1,50;5,51;7,53;2,54;2,55;6,57;1,58;6,62;2,63;5,64;1,65;1,66;4,68;5,71;2,72;2,73;2,74;2,77;1,78;2,80;1,81;5,82;1,84;2,85;2,89;5,90;2,91;2,92;1,94;5,97;1,98;2,99;5,100;1,101;1,102;5,104;5,105;1,106;5,107;1,108;1,109;1,110;2,112;5,114;2,115;5,117;1,118;1,120;15,121;2,124;2,125;2,126;2,127;2,128;5,130;2,132;2,134;2,137;5,138;1,139;4,141;1,147;1,149;5,150;7,153;5,154;5,156;4,158;1,159;2,161;2,162;5,163;5,164;2,165;5,166;1,167;1
on:1;1,2;1,4;1,5;1,6;1,7;3,8;1,9;1,10;3,11;1,12;6,13;1,15;6,16;6,17;3,18;6,19;2,22;3,25;1,26;6,28;1,29;3,30;1,31;1,32;1,33;6,35;6,36;6,38;1,39;1,40;3,41;4,42;1,43;1,44;1,46;6,47;3,49;1,50;4,51;3,52;1,53;6,54;6,55;2,56;1,58;4,59;1,60;1,61;1,62;6,63;3,66;3,67;1,68;3,69;1,70;1,71;6,72;6,73;6,74;6,75;1,76;1,78;6,79;1,81;3,83;1,84;6,85;6,86;1,87;1,88;1,89;3,91;6,93;1,94;3,95;1,96;1,98;6,99;2,102;3,103;1,104;3,106;3,110;6,111;1,112;3,113;1,114;6,115;3,116;1,119;1,120;6,121;6,122;1,123;1,124;6,125;6,126;6,127;6,128;3,129;1,130;6,131;1,132;6,133;1,134;6,135;1,136;1,137;1,139;3,140;1,142;1,143;1,144;1,145;1,146;1,148;1,149;3,150;3,151;1,152;1,153;4,154;3,155;1,156;3,157;1,159;6,160;1,161;6,162;3,163;3,164;6,165;3
onc:1;1,4;1,5;1,7;3,9;1,11;1,13;1,17;2,22;1,25;1,28;1,29;2,31;1,32;1,38;1,40;2,41;1,42;1,44;1,47;1,49;1,50;2,51;2,55;3,58;2,63;2,66;2,68;2,69;1,75;1,76;1,81;1,86;1,87;1,89;2,93;1,94;2,99;1,102;2,103;1,104;1,106;2,112;2,113;1,115;1,116;1,119;1,120;1,122;1,123;1,128;2,137;2,139;2,140;1,142;1,143;1,144;1,145;1,149;1,150;2,151;1,153;2,154;2,156;2,157;1,160;1,162;2,163;2,165;2
one:7;1,10;1,17;1,19;1,22;1,29;1,40;1,41;1,47;1,50;1,51;1,55;1,58;1,63;1,66;1,68;1,81;1,89;1,94;1,99;1,102;1,104;1,106;1,112;1,115;1,120;1,128;1,137;1,139;1,149;1,150;1,153;1,154;1,156;1,162;1,163;1,165;1
ongo:51;1
open:10;1,19;1
oper:1;1,2;2,4;1,5;1,6;2,8;2,9;1,11;1,13;1,25;1,28;1,30;2,31;1,32;1,38;1,39;2,42;1,43;2,44;1,49;1,52;2,56;2,59;2,60;2,61;2,67;2,69;1,70;2,75;1,76;1,79;2,83;2,86;1,87;1,88;2,93;1,95;2,96;2,103;1,111;2,113;1,116;1,119;1,120;1,122;1,123;1,129;2,131;2,133;2,135;2,136;2,140;1,142;1,143;1,144;1,145;1,146;2,148;2,151;1,152;2,155;2,157;1,160;1
option:2;1,6;1,7;3,8;1,12;3,15;3,16;3,17;3,18;3,22;3,26;3,29;3,30;1,33;3,35;3,36;3,39;1,40;3,41;3,43;1,46;3,47;3,50;3,51;3,52;1,53;3,54;3,55;3,56;1,58;3,59;1,60;1,61;1,62;3,63;3,66;3,67;1,68;3,70;1,71;3,72;3,73;3,74;3,78;3,79;1,81;3,83;1,84;3,85;3,88;1,89;3,91;3,94;3,95;1,96;1,98;3,99;3,102;3,104;3,106;3,110;3,111;1,112;3,114;3,115;3,120;3,121;3,124;3,125;3,126;3,127;3,128;3,129;1,130;3,131;1,132;3,133;1,134;3,135;1,136;1,139;3,146;1,148;1,149;3,150;3,152;1,153;3,154;3,155;1,156;3,159;3,161;3,162;3,163;3,164;3,165;3
or:1;1,2;1,4;1,5;1,6;1,7;2,8;1,9;1,10;1,11;1,13;1,17;2,22;2,25;1,28;1,29;2,30;1,31;1,32;1,38;1,39;1,40;2,41;2,42;1,43;1,44;1,47;2,49;1,50;2,51;2,52;1,55;2,56;1,58;3,59;1,60;1,61;1,63;2,66;2,67;1,68;2,69;1,70;1,75;1,76;1,79;1,81;2,83;1,86;1,87;1,88;1,89;2,93;1,94;2,95;1,96;1,99;2,102;2,103;1,104;2,106;2,111;1,112;2,113;1,115;4,116;1,119;1,120;2,122;1,123;1,128;2,129;1,131;1,133;1,135;1,136;1,137;1,139;2,140;1,142;1,143;1,144;1,145;1,146;1,148;1,149;2,150;2,151;1,152;1,153;2,154;2,155;1,156;2,157;1,160;1,162;2,163;2,165;2
order:12;1,15;1,16;1,18;1,26;1,33;1,35;1,36;1,46;1,53;1,54;1,62;1,71;1,72;1,73;1,74;1,78;1,84;1,85;1,91;1,98;1,110;1,114;1,121;1,124;1,125;1,126;1,127;1,130;1,132;1,134;1,159;1,161;1,164;1
org:120;1
organ:50;1
orgtheori:62;1,92;1,150;1
other:1;1,4;1,5;1,7;2,9;1,11;1,13;1,17;1,22;1,25;1,28;1,29;1,31;1,32;1,38;1,40;1,41;1,42;1,44;1,47;1,49;1,50;1,51;1,55;2,58;1,63;1,66;2,68;1,69;1,75;1,76;1,81;1,86;1,87;1,89;1,90;1,93;1,94;1,99;1,102;1,103;1,104;1,106;1,112;1,113;1,115;1,116;1,119;1,120;1,122;1,123;1,128;1,139;2,140;1,142;1,143;1,144;1,145;1,149;1,150;2,151;1,153;1,154;1,156;2,157;1,160;1,162;1,163;1,165;1
otherwis:1;1,2;1,4;1,5;1,6;1,8;1,9;1,11;1,12;1,13;1,15;1,16;1,18;1,25;1,26;1,28;1,30;1,31;1,32;1,33;1,35;1,36;1,38;1,39;1,42;1,43;1,44;1,46;1,49;1,52;1,53;1,54;1,56;1,59;1,60;1,61;1,62;1,67;1,69;1,70;1,71;1,72;1,73;1,74;1,75;1,76;1,78;1,79;1,83;1,84;1,85;1,86;1,87;1,88;1,91;1,93;1,95;1,96;1,98;1,103;1,110;1,111;1,113;1,114;1,116;1,119;1,121;1,122;1,123;1,124;1,125;1,126;1,127;1,129;1,130;1,131;1,132;1,133;1,134;1,135;1,136;1,140;1,142;1,143;1,144;1,145;1,146;1,148;1,151;1,152;1,155;1,157;1,159;1,160;1,161;1,164;1
out:2;1,6;1,7;1,8;1,17;1,22;1,29;1,30;1,39;1,40;1,41;1,43;1,47;1,50;1,51;1,52;1,55;1,56;1,58;1,59;1,60;1,61;1,63;1,66;1,67;1,68;1,70;1,79;1,81;1,83;1,88;1,89;1,94;1,95;1,96;1,99;1,102;1,104;1,106;1,111;1,112;1,115;1,120;1,128;1,129;1,131;1,133;1,135;1,136;1,139;1,146;1,148;1,149;1,150;1,152;1,153;1,154;1,155;1,156;1,162;1,163;1,165;1
overview:0;1,3;1,7;1,10;1,12;1,14;1,15;1,16;1,17;1,18;1,19;1,20;1,21;1,22;1,23;1,24;1,26;1,27;1,29;1,33;1,34;1,35;1,36;1,37;1,40;1,41;1,45;1,46;1,47;1,48;1,50;1,51;1,53;1,54;1,55;1,57;1,58;1,62;1,63;1,64;1,65;1,66;1,68;1,71;1,72;1,73;1,74;1,77;1,78;1,80;1,81;1,82;1,84;1,85;1,89;1,91;1,92;1,94;1,97;1,98;1,99;1,100;1,101;1,102;1,104;1,105;1,106;1,107;1,108;1,109;1,110;1,112;1,114;1,115;1,117;1,118;1,120;1,121;1,124;1,125;1,126;1,127;1,128;1,130;1,132;1,134;1,137;1,138;1,139;1,141;1,147;1,149;1,150;1,153;1,154;1,156;1,158;1,159;1,161;1,162;1,163;1,164;1,165;1,166;1,167;1
overviewreturn:137;1
owner:137;6
p:3;1,12;1,51;1
page:2;1,6;1,7;1,8;1,10;2,12;2,15;2,16;2,17;1,18;2,19;3,22;1,26;2,29;1,30;1,33;2,35;2,36;2,39;1,40;1,41;1,43;1,46;2,47;1,50;1,51;1,52;1,53;2,54;2,55;1,56;1,58;1,59;1,60;1,61;1,62;2,63;1,66;1,67;1,68;1,70;1,71;2,72;2,73;2,74;2,78;2,79;1,81;1,83;1,84;2,85;2,88;1,89;1,91;2,94;1,95;1,96;1,98;2,99;1,102;1,104;1,106;1,110;2,111;1,112;1,114;2,115;1,120;2,121;2,124;2,125;2,126;2,127;2,128;1,129;1,130;2,131;1,132;2,133;1,134;2,135;1,136;1,139;1,146;1,148;1,149;1,150;1,152;1,153;1,154;1,155;1,156;1,159;2,161;2,162;1,163;1,164;2,165;1
paper:120;1
parti:51;1
particl:120;1
partit:120;1
password:1;1,2;4,4;1,5;1,6;4,7;10,8;4,9;1,11;1,12;5,13;1,15;5,16;5,17;10,18;5,22;9,25;1,26;5,28;1,29;10,30;4,31;1,32;1,33;5,35;5,36;5,38;1,39;4,40;10,41;9,42;1,43;4,44;1,46;5,47;9,49;1,50;10,51;10,52;4,53;5,54;5,55;10,56;4,58;10,59;4,60;4,61;4,62;5,63;10,66;10,67;4,68;10,69;1,70;4,71;5,72;5,73;5,74;5,75;1,76;1,78;5,79;4,81;9,83;4,84;5,85;5,86;1,87;1,88;4,89;10,91;5,93;1,94;10,95;4,96;4,98;5,99;9,102;10,103;1,104;9,106;10,110;5,111;4,112;10,113;1,114;5,115;9,116;1,119;1,120;9,121;5,122;1,123;1,124;5,125;5,126;5,127;5,128;10,129;4,130;5,131;4,132;5,133;4,134;5,135;4,136;4,137;10,139;10,140;1,142;1,143;1,144;1,145;1,146;4,148;4,149;9,150;9,151;1,152;4,153;10,154;10,155;4,156;10,157;1,159;5,160;1,161;5,162;10,163;10,164;5,165;10
paul:26;1,101;1,153;1
peopl:10;1,19;1,51;1
person:7;1,17;1,22;1,29;1,40;1,41;1,47;1,50;1,51;1,55;1,58;1,63;1,66;1,68;1,81;1,89;1,94;1,99;1,102;1,104;1,106;1,112;1,115;1,120;1,128;1,139;1,149;1,150;1,153;1,154;1,156;1,162;1,163;1,165;1
pertin:7;1
phd:6;2,10;1,19;1,78;3,109;3,116;2,156;11
phyllotaxi:120;1
pick:7;1,17;1,22;1,29;1,40;1,41;1,47;1,50;1,51;1,55;1,58;1,63;1,66;1,68;1,81;1,89;1,94;1,99;1,102;1,104;1,106;1,112;1,115;1,120;1,128;1,139;1,149;1,150;1,153;1,154;1,156;1,162;1,163;1,165;1
plan:58;1
plant:120;1
pleas:10;1,41;1,90;1,115;1,120;1
point:1;1,2;1,4;1,5;1,6;1,8;1,9;1,11;1,12;1,13;1,15;1,16;1,18;1,25;1,26;1,28;1,30;1,31;1,32;1,33;1,35;1,36;1,38;1,39;1,42;1,43;1,44;1,46;1,49;1,52;1,53;1,54;1,56;1,59;1,60;1,61;1,62;1,67;1,69;1,70;1,71;1,72;1,73;1,74;1,75;1,76;1,78;1,79;1,83;1,84;1,85;1,86;1,87;1,88;1,91;1,93;1,95;1,96;1,98;1,103;1,110;1,111;1,113;1,114;1,116;1,119;1,121;1,122;1,123;1,124;1,125;1,126;1,127;1,129;1,130;1,131;1,132;1,133;1,134;1,135;1,136;1,140;1,142;1,143;1,144;1,145;1,146;1,148;1,151;1,152;1,155;1,157;1,159;1,160;1,161;1,164;1
polish:137;1
popul:120;1
portugues:137;2
post:7;2,17;2,22;2,29;2,40;2,41;2,47;2,50;2,51;2,55;2,58;2,63;2,66;2,68;2,81;2,89;2,94;2,99;2,102;2,104;2,106;2,112;2,115;2,120;1,128;2,137;3,139;2,149;2,150;2,153;2,154;2,156;2,162;2,163;2,165;2
practition:51;1
prefer:7;1,10;1,17;1,22;1,29;1,40;1,41;1,47;1,50;1,51;1,55;1,58;1,63;1,66;1,68;1,81;1,89;1,94;1,99;1,102;1,104;1,106;1,112;1,115;1,120;1,128;1,139;1,149;1,150;1,153;1,154;1,156;1,162;1,163;1,165;1
prevent:7;2,17;1,22;1,29;1,40;1,41;1,47;1,50;1,51;1,55;2,58;1,63;1,66;2,68;1,81;1,89;1,94;1,99;1,102;1,104;1,106;1,112;1,115;1,120;1,128;1,139;2,149;1,150;2,153;1,154;1,156;2,162;1,163;1,165;1
primari:137;1
print:90;1
prior:7;1,17;1,22;1,29;1,40;1,41;1,47;1,50;1,51;1,55;1,58;1,63;1,66;1,68;1,81;1,89;1,94;1,99;1,102;1,104;1,106;1,112;1,115;1,120;1,128;1,139;1,149;1,150;1,153;1,154;1,156;1,162;1,163;1,165;1
privaci:7;1,17;1,22;1,29;1,40;1,41;1,47;1,50;1,51;1,55;1,58;1,63;1,66;1,68;1,81;1,89;1,94;1,99;1,102;1,104;1,106;1,112;1,115;1,120;1,128;1,139;1,149;1,150;1,153;1,154;1,156;1,162;1,163;1,165;1
privat:2;3,6;3,8;3,17;1,29;1,30;3,39;3,40;1,43;3,47;1,50;1,51;1,52;3,55;1,56;3,58;1,59;3,60;3,61;3,63;1,66;1,67;3,68;1,70;3,79;3,81;1,83;3,88;3,89;1,94;1,95;3,96;3,99;1,102;1,104;1,106;1,111;3,112;1,128;1,129;3,131;3,133;3,135;3,136;3,139;1,146;3,148;3,149;1,150;1,152;3,154;1,155;3,156;1,162;1,163;1,165;1
probabilist:120;1
problem:90;1,120;3
process:12;1,15;1,16;1,18;1,26;1,33;1,35;1,36;1,46;1,53;1,54;1,62;1,71;1,72;1,73;1,74;1,78;1,84;1,85;1,91;1,98;1,110;1,114;1,121;1,124;1,125;1,126;1,127;1,130;1,132;1,134;1,159;1,161;1,164;1
project:29;1
prompt:7;1,17;1,22;1,29;1,40;1,41;1,47;1,50;1,51;1,55;1,58;1,63;1,66;1,68;1,81;1,89;1,94;1,99;1,102;1,104;1,106;1,112;1,115;1,120;1,128;1,139;1,149;1,150;1,153;1,154;1,156;1,162;1,163;1,165;1
proper:19;1,137;1
propos:10;1,19;1
provid:7;1,17;1,22;1,29;1,40;1,41;1,47;1,50;1,51;1,55;1,58;2,63;1,66;1,68;1,81;1,89;1,94;1,99;1,102;1,104;1,106;1,112;1,115;1,120;1,128;1,139;1,149;1,150;1,153;1,154;1,156;1,162;1,163;1,165;1
psinha:54;1,80;1,154;1
public:10;1,19;1
pursu:51;1
qualiti:29;1,51;1
quarantin:137;1
quasar:10;1,19;1,29;13,73;4,108;4,135;2,157;2
question:19;1,58;1
rbusta:33;1,66;1,158;1
re:1;1,2;2,4;1,5;1,6;2,8;2,9;1,11;1,13;1,25;1,28;1,30;2,31;1,32;1,38;1,39;2,42;1,43;2,44;1,49;1,51;1,52;2,56;2,59;2,60;2,61;2,67;2,69;1,70;2,75;1,76;1,79;2,83;2,86;1,87;1,88;2,90;1,93;1,95;2,96;2,103;1,111;2,113;1,116;1,119;1,122;1,123;1,129;2,131;2,133;2,135;2,136;2,140;1,142;1,143;1,144;1,145;1,146;2,148;2,151;1,152;2,155;2,157;1,160;1
read:10;1,19;1,99;1
receiv:7;2,17;1,29;1,40;1,41;1,47;1,50;1,51;1,55;2,58;1,63;1,66;1,68;1,81;1,89;1,94;1,99;1,102;1,104;1,106;1,112;1,115;2,120;3,128;1,139;1,149;1,150;2,153;1,154;1,156;1,162;1,163;1,165;1
reenter:7;1,17;1,22;1,29;1,40;1,41;1,47;1,50;1,51;1,55;1,58;1,63;1,66;1,68;1,81;1,89;1,94;1,99;1,102;1,104;1,106;1,112;1,115;1,120;1,128;1,139;1,149;1,150;1,153;1,154;1,156;1,162;1,163;1,165;1
regist:120;2
regul:120;1
relat:41;1,120;1
relev:58;1,120;1,137;1
rememb:2;1,6;1,8;1,12;1,15;1,16;1,18;1,26;1,30;1,33;1,35;1,36;1,39;1,43;1,46;1,52;1,53;1,54;1,56;1,59;1,60;1,61;1,62;1,67;1,70;1,71;1,72;1,73;1,74;1,78;1,79;1,83;1,84;1,85;1,88;1,91;1,95;1,96;1,98;1,110;1,111;1,114;1,121;1,124;1,125;1,126;1,127;1,129;1,130;1,131;1,132;1,133;1,134;1,135;1,136;1,146;1,148;1,152;1,155;1,159;1,161;1,164;1
remind:2;2,6;2,7;2,8;2,12;2,15;2,16;2,17;2,18;2,22;1,26;2,29;2,30;2,33;2,35;2,36;2,39;2,40;2,41;1,43;2,46;2,47;1,50;2,51;2,52;2,53;2,54;2,55;2,56;2,58;2,59;2,60;2,61;2,62;2,63;2,66;2,67;2,68;2,70;2,71;2,72;2,73;2,74;2,78;2,79;2,81;1,83;2,84;2,85;2,88;2,89;2,91;2,94;2,95;2,96;2,98;2,99;1,102;2,104;1,106;2,110;2,111;2,112;2,114;2,115;1,120;1,121;2,124;2,125;2,126;2,127;2,128;2,129;2,130;2,131;2,132;2,133;2,134;2,135;2,136;2,139;2,146;2,148;2,149;1,150;1,152;2,153;2,154;2,155;2,156;2,159;2,161;2,162;2,163;2,164;2,165;2
remov:12;1,15;1,16;1,18;1,26;1,33;1,35;1,36;1,46;1,53;1,54;1,62;1,71;1,72;1,73;1,74;1,78;1,84;1,85;1,91;1,98;1,110;1,114;1,121;1,124;1,125;1,126;1,127;1,130;1,132;1,134;1,137;1,159;1,161;1,164;1
request:7;3,17;1,22;1,29;1,40;1,41;1,47;1,50;1,51;1,55;3,58;1,63;1,66;2,68;1,81;1,89;1,94;1,99;1,102;1,104;1,106;1,112;1,115;1,120;1,128;1,139;2,149;1,150;3,153;1,154;1,156;2,162;1,163;1,165;1
requir:0;1,3;1,7;1,12;1,14;1,15;1,16;1,17;1,18;1,20;1,21;1,22;1,23;1,24;1,26;1,27;1,29;1,33;1,34;1,35;1,36;1,37;1,40;1,41;1,45;1,46;1,47;1,48;1,50;1,51;1,53;1,54;1,55;1,57;1,58;1,62;1,63;1,64;1,65;1,66;1,68;1,71;1,72;1,73;1,74;1,77;1,78;1,80;1,81;1,82;1,84;1,85;1,89;1,91;1,92;1,94;1,97;1,98;1,99;1,100;1,101;1,102;1,104;1,105;1,106;1,107;1,108;1,109;1,110;1,112;1,114;1,115;1,117;1,118;1,120;1,121;1,124;1,125;1,126;1,127;1,128;1,130;1,132;1,134;1,138;1,139;1,141;1,147;1,149;1,150;1,153;1,154;1,156;1,158;1,159;1,161;1,162;1,163;1,164;1,165;1,166;1,167;1
research:5;2,10;3,19;3,34;4,51;3,52;2,58;15,115;1,164;4
result:0;2,3;2,14;2,20;2,21;2,23;2,24;2,27;2,34;2,37;2,45;2,48;2,57;2,64;2,65;2,77;2,80;2,82;2,92;2,97;2,100;2,101;2,105;2,107;2,108;2,109;2,115;1,117;2,118;2,138;2,141;2,147;2,158;2,166;2,167;2
return:137;1
reus:120;1
rigor:26;1,101;1,153;1
role:120;1
romanian:137;1
rss:150;1
run:0;1,3;1,7;1,12;1,14;1,15;1,16;1,17;1,18;1,20;1,21;1,22;1,23;1,24;1,26;1,27;1,29;1,33;1,34;1,35;1,36;1,37;1,40;1,41;1,45;1,46;1,47;1,48;1,50;1,51;1,53;1,54;1,55;1,57;1,58;1,62;1,63;1,64;1,65;1,66;1,68;1,71;1,72;1,73;1,74;1,77;1,78;1,80;1,81;1,82;1,84;1,85;1,89;1,91;1,92;1,94;1,97;1,98;1,99;1,100;1,101;1,102;1,104;1,105;1,106;1,107;1,108;1,109;1,110;1,112;1,114;1,115;1,117;1,118;1,120;1,121;1,124;1,125;1,126;1,127;1,128;1,130;1,132;1,134;1,138;1,139;1,141;1,147;1,149;1,150;1,153;1,154;1,156;1,158;1,159;1,161;1,162;1,163;1,164;1,165;1,166;1,167;1
russian:137;1
s:1;1,2;1,4;1,5;1,6;1,7;1,8;1,9;1,11;1,13;1,17;1,22;1,25;1,28;1,29;1,30;1,31;1,32;1,38;1,39;1,40;1,41;1,42;1,43;1,44;1,47;1,49;1,50;1,51;1,52;1,55;1,56;1,58;1,59;1,60;1,61;1,63;1,67;1,68;1,69;1,70;1,75;1,76;1,79;1,81;1,83;1,86;1,87;1,88;1,89;1,93;1,94;1,95;1,96;1,99;1,102;1,103;1,104;1,106;1,111;1,112;1,113;1,115;1,116;1,119;1,120;2,122;1,123;1,128;1,129;1,131;1,133;1,135;1,136;1,137;3,140;1,142;1,143;1,144;1,145;1,146;1,148;1,149;1,150;1,151;1,152;1,153;1,154;1,155;1,157;1,160;1,162;1,163;1,165;1
sameer:41;1,71;1,100;1
satwar:10;2,19;2,81;13,82;3,84;3,111;2,145;2
scale:120;3
school:10;1,19;1,55;1
scientif:10;1,19;1,115;2
se:7;1,12;1,15;1,16;1,17;1,18;1,22;1,26;1,33;1,35;1,36;1,40;1,41;1,46;1,47;1,53;1,54;1,55;1,58;1,62;1,66;1,68;1,71;1,72;1,73;1,74;1,78;1,84;1,85;1,89;1,91;1,94;1,98;1,99;1,102;1,104;1,106;1,110;1,112;1,114;1,120;1,121;1,124;1,125;1,126;1,127;1,128;1,130;1,132;1,134;1,139;1,149;1,150;1,153;1,154;1,156;1,159;1,161;1,162;1,163;1,164;1,165;1
section:7;1,12;1,15;1,16;1,17;1,18;1,22;1,26;1,29;1,33;1,35;1,36;1,40;1,41;1,46;1,47;1,50;1,51;1,53;1,54;1,55;1,58;1,62;1,63;1,66;1,68;1,71;1,72;1,73;1,74;1,78;1,81;1,84;1,85;1,89;1,91;1,94;1,98;1,99;1,102;1,104;1,106;1,110;1,112;1,114;1,115;1,120;2,121;1,124;1,125;1,126;1,127;1,128;1,130;1,132;1,134;1,139;1,149;1,150;1,153;1,154;1,156;1,159;1,161;1,162;1,163;1,164;1,165;1
secur:7;1,17;1,22;1,29;1,40;1,41;1,47;1,50;1,51;1,55;1,58;1,63;1,66;1,68;1,81;1,89;1,94;1,99;1,102;1,104;1,106;1,112;1,115;1,120;1,128;1,139;1,149;1,150;1,153;1,154;1,156;1,162;1,163;1,165;1
see:1;1,4;1,5;1,9;1,11;1,13;1,25;1,28;1,29;1,31;1,32;1,38;1,41;1,42;1,44;1,49;1,50;1,51;1,63;1,69;1,75;1,76;1,81;1,86;1,87;1,93;1,103;1,113;1,115;2,116;1,119;1,122;1,123;1,140;1,142;1,143;1,144;1,145;1,150;1,151;1,157;1,160;1
select:137;1
seminar:8;2,41;1,62;4,92;4,123;2,150;14
send:7;1,17;1,19;1,22;1,29;1,40;1,41;1,47;1,50;1,51;1,55;1,58;1,63;1,66;1,68;1,81;1,89;1,94;1,99;1,102;1,104;1,106;1,112;1,128;1,137;1,139;1,149;1,150;1,153;1,154;1,156;1,162;1,163;1,165;1
sens:29;1
sent:7;2,12;1,15;1,16;1,17;1,18;1,22;1,26;1,29;1,33;1,35;1,36;1,40;1,41;1,46;1,47;1,50;1,51;1,53;1,54;1,55;2,58;1,62;1,63;1,66;2,68;1,71;1,72;1,73;1,74;1,78;1,81;1,84;1,85;1,89;1,91;1,94;1,98;1,99;1,102;1,104;1,106;1,110;1,112;1,114;1,115;1,120;1,121;1,124;1,125;1,126;1,127;1,128;1,130;1,132;1,134;1,139;2,149;1,150;2,153;1,154;1,156;2,159;1,161;1,162;1,163;1,164;1,165;1
sentient:10;1,19;1,81;2
serbian:137;1
server:137;1
sess:2;1,6;1,8;1,30;1,39;1,43;1,52;1,56;1,59;1,60;1,61;1,67;1,70;1,79;1,83;1,88;1,95;1,96;1,111;1,129;1,131;1,133;1,135;1,136;1,146;1,148;1,152;1,155;1
session:1;1,4;1,5;1,9;1,11;1,13;1,25;1,28;1,31;1,32;1,38;1,42;1,44;1,49;1,69;1,75;1,76;1,86;1,87;1,93;1,103;1,113;1,116;1,119;1,122;1,123;1,140;1,142;1,143;1,144;1,145;1,151;1,157;1,160;1
set:120;1
sever:120;1
shanahan:64;1,114;1,139;1
sharad:46;1,63;1,105;1
should:7;1,12;1,15;1,16;1,17;1,18;1,22;1,26;1,29;1,33;1,35;1,36;1,40;1,41;1,46;1,47;1,50;1,51;1,53;1,54;1,55;1,58;1,62;1,63;1,66;1,68;1,71;1,72;1,73;1,74;1,78;1,81;1,84;1,85;1,89;1,91;1,94;1,98;1,99;1,102;1,104;1,106;1,110;1,112;1,114;1,115;1,120;1,121;1,124;1,125;1,126;1,127;1,128;1,130;1,132;1,134;1,137;3,139;1,149;1,150;1,153;1,154;1,156;1,159;1,161;1,162;1,163;1,164;1,165;1
signal:120;1
signific:120;1
signup:10;1,19;1,120;1
similar:10;1,19;1
simul:120;1
sislgram:10;1,19;1,35;3,115;11,138;3,142;2
site:90;1,137;2,150;1
slovak:137;1
slovenian:137;1
so:1;1,2;1,4;1,5;1,6;1,8;1,9;1,11;1,13;1,25;1,28;1,30;1,31;1,32;1,38;1,39;1,42;1,43;1,44;1,49;1,52;1,56;1,59;1,60;1,61;1,67;1,69;1,70;1,75;1,76;1,79;1,83;1,86;1,87;1,88;1,93;1,95;1,96;1,103;1,111;1,113;1,116;1,119;1,122;1,123;1,129;1,131;1,133;1,135;1,136;1,137;1,140;1,142;1,143;1,144;1,145;1,146;1,148;1,151;1,152;1,155;1,157;1,160;1
soci:50;2,97;1,125;1
social:10;2,19;2,50;12,69;2,97;3,125;3,131;2
sorri:90;1
southern:63;1
spain:137;1
spanish:137;1
spati:120;2
spatial:120;1
stand:120;1
stapl:120;1
static:120;1
statist:10;1,19;1,33;3,66;11,95;2,140;2,158;3
steer:58;2
stochast:120;2
stream:10;1,19;1,81;2
structur:120;1
student:7;2,10;1,19;1,50;2,55;1
subcellular:120;1
sublist:10;1,19;1,106;1
subscrib:7;7,10;1,17;6,22;6,29;6,40;6,41;6,47;6,50;6,51;6,55;7,58;6,63;6,66;7,68;6,81;6,89;6,94;6,99;6,102;6,104;6,106;6,112;6,115;7,120;8,128;6,139;7,149;6,150;7,153;6,154;6,156;7,162;6,163;6,165;6
subscript:0;2,3;2,7;5,10;1,14;2,17;6,20;2,21;2,22;6,23;2,24;2,27;2,29;6,34;2,37;2,40;6,41;6,45;2,47;6,48;2,50;6,51;6,55;5,57;2,58;6,63;6,64;2,65;2,66;5,68;6,77;2,80;2,81;6,82;2,89;6,92;2,94;6,97;2,99;6,100;2,101;2,102;6,104;6,105;2,106;6,107;2,108;2,109;2,112;6,115;6,117;2,118;2,120;6,128;6,138;2,139;5,141;2,147;2,149;6,150;5,153;6,154;6,156;5,158;2,162;6,163;6,165;6,166;2,167;2
subtest:10;1,19;1,48;4,75;2,79;2,106;12,127;4
success:1;1,4;1,5;1,9;1,11;1,13;1,25;1,28;1,31;1,32;1,38;1,42;1,44;1,49;1,50;1,69;1,75;1,76;1,86;1,87;1,93;1,103;1,113;1,116;1,119;1,122;1,123;1,140;1,142;1,143;1,144;1,145;1,151;1,157;1,160;1
such:120;1
sudderth:41;1,71;1,100;1
suggest:120;1
suppli:0;1,3;1,14;1,20;1,21;1,23;1,24;1,27;1,34;1,37;1,45;1,48;1,57;1,64;1,65;1,77;1,80;1,82;1,92;1,97;1,100;1,101;1,105;1,107;1,108;1,109;1,117;1,118;1,138;1,141;1,147;1,158;1,166;1,167;1
support:51;1,137;1
swedish:137;1
system:10;2,19;2,41;2,51;1,81;2,90;1,115;2,120;4
t:1;1,2;2,4;1,5;1,6;2,8;2,9;1,11;1,12;1,13;1,15;1,16;1,18;1,25;1,26;1,28;1,30;2,31;1,32;1,33;1,35;1,36;1,38;1,39;2,42;1,43;2,44;1,46;1,49;1,52;2,53;1,54;1,56;2,59;2,60;2,61;2,62;1,67;2,69;1,70;2,71;1,72;1,73;1,74;1,75;1,76;1,78;1,79;2,83;2,84;1,85;1,86;1,87;1,88;2,91;1,93;1,95;2,96;2,98;1,103;1,110;1,111;2,113;1,114;1,115;1,116;1,119;1,121;1,122;1,123;1,124;1,125;1,126;1,127;1,129;2,130;1,131;2,132;1,133;2,134;1,135;2,136;2,140;1,142;1,143;1,144;1,145;1,146;2,148;2,151;1,152;2,155;2,157;1,159;1,160;1,161;1,164;1
taiwan:137;1
take:1;1,4;1,5;1,9;1,11;1,12;1,13;1,15;1,16;1,18;1,25;1,26;1,28;1,31;1,32;1,33;1,35;1,36;1,38;1,42;1,44;1,46;1,49;1,53;1,54;1,62;1,69;1,71;1,72;1,73;1,74;1,75;1,76;1,78;1,84;1,85;1,86;1,87;1,91;1,93;1,98;1,103;1,110;1,113;1,114;1,116;1,119;1,121;1,122;1,123;1,124;1,125;1,126;1,127;1,130;1,132;1,134;1,140;1,142;1,143;1,144;1,145;1,151;1,157;1,159;1,160;1,161;1,164;1
talk:7;1,150;2
team:10;1,19;1,47;1
techniqu:120;1
tempor:120;1
test:10;1,19;1,106;1
th:1;1,2;1,4;1,5;1,6;1,7;5,8;1,9;1,10;4,11;1,12;2,13;1,15;2,16;2,17;5,18;2,19;1,22;4,25;1,26;2,28;1,29;4,30;1,31;1,32;1,33;2,35;2,36;2,38;1,39;1,40;5,41;7,42;1,43;1,44;1,46;2,47;5,49;1,50;4,51;4,52;1,53;2,54;2,55;4,56;1,58;8,59;1,60;1,61;1,62;2,63;5,66;5,67;1,68;5,69;1,70;1,71;2,72;2,73;2,74;2,75;1,76;1,78;2,79;1,81;4,83;1,84;2,85;2,86;1,87;1,88;1,89;5,90;3,91;2,93;1,94;5,95;1,96;1,98;2,99;3,102;5,103;1,104;5,106;5,110;2,111;1,112;5,113;1,114;2,115;2,116;1,119;1,120;10,121;2,122;1,123;1,124;2,125;2,126;2,127;2,128;5,129;1,130;2,131;1,132;2,133;1,134;2,135;1,136;1,137;10,139;5,140;1,142;1,143;1,144;1,145;1,146;1,148;1,149;5,150;7,151;1,152;1,153;6,154;5,155;1,156;5,157;1,159;2,160;1,161;2,162;5,163;5,164;2,165;5
thank:115;1
that:1;1,2;1,4;1,5;1,6;1,7;1,8;1,9;1,11;1,12;1,13;1,15;1,16;1,17;1,18;1,19;1,22;1,25;1,26;1,28;1,29;1,30;1,31;1,32;1,33;1,35;1,36;1,38;1,39;1,40;1,41;1,42;1,43;1,44;1,46;1,47;1,49;1,50;1,51;1,52;1,53;1,54;1,55;1,56;1,58;1,59;1,60;1,61;1,62;1,63;1,66;1,67;1,68;1,69;1,70;1,71;1,72;1,73;1,74;1,75;1,76;1,78;1,79;1,81;1,83;1,84;1,85;1,86;1,87;1,88;1,89;1,91;1,93;1,94;1,95;1,96;1,98;1,99;1,102;1,103;1,104;1,106;1,110;1,111;1,112;1,113;1,114;1,115;1,116;1,119;1,120;5,121;1,122;1,123;1,124;1,125;1,126;1,127;1,128;1,129;1,130;1,131;1,132;1,133;1,134;1,135;1,136;1,137;2,139;1,140;1,142;1,143;1,144;1,145;1,146;1,148;1,149;1,150;1,151;1,152;1,153;1,154;1,155;1,156;1,157;1,159;1,160;1,161;1,162;1,163;1,164;1,165;1
the:1;1,2;2,4;1,5;1,6;2,7;10,8;2,9;1,10;5,11;1,12;6,13;1,15;6,16;6,17;10,18;6,19;6,22;10,25;1,26;6,28;1,29;11,30;2,31;1,32;1,33;6,35;6,36;6,38;1,39;2,40;10,41;11,42;1,43;2,44;1,46;6,47;10,49;1,50;11,51;12,52;2,53;6,54;6,55;10,56;2,58;14,59;2,60;2,61;2,62;6,63;12,66;9,67;2,68;10,69;1,70;2,71;6,72;6,73;6,74;6,75;1,76;1,78;6,79;2,81;11,83;2,84;6,85;6,86;1,87;1,88;2,89;10,91;6,93;1,94;10,95;2,96;2,98;6,99;10,102;10,103;1,104;10,106;10,110;6,111;2,112;10,113;1,114;6,115;15,116;1,119;1,120;18,121;6,122;1,123;1,124;6,125;6,126;6,127;6,128;10,129;2,130;6,131;2,132;6,133;2,134;6,135;2,136;2,137;15,139;9,140;1,142;1,143;1,144;1,145;1,146;2,148;2,149;10,150;10,151;1,152;2,153;10,154;10,155;2,156;9,157;1,159;6,160;1,161;6,162;10,163;10,164;6,165;10
their:120;1
then:137;1
theori:8;2,62;3,92;3,120;1,123;2,150;12
there:120;1
these:120;2
they:137;1
this:1;2,2;2,4;2,5;2,6;2,7;2,8;2,9;2,10;1,11;2,12;3,13;2,15;3,16;3,17;3,18;3,19;1,22;3,25;2,26;3,28;2,29;3,30;2,31;2,32;2,33;3,35;3,36;3,38;2,39;2,40;3,41;4,42;2,43;2,44;2,46;3,47;3,49;2,50;5,51;5,52;2,53;3,54;3,55;2,56;2,58;4,59;2,60;2,61;2,62;3,63;4,66;2,67;2,68;3,69;2,70;2,71;3,72;3,73;3,74;3,75;2,76;2,78;3,79;2,81;3,83;2,84;3,85;3,86;2,87;2,88;2,89;3,90;3,91;3,93;2,94;3,95;2,96;2,98;3,99;3,102;3,103;2,104;3,106;3,110;3,111;2,112;3,113;2,114;3,115;6,116;2,119;2,120;6,121;3,122;2,123;2,124;3,125;3,126;3,127;3,128;3,129;2,130;3,131;2,132;3,133;2,134;3,135;2,136;2,137;2,139;2,140;2,142;2,143;2,144;2,145;2,146;2,148;2,149;3,150;2,151;2,152;2,153;3,154;3,155;2,156;2,157;2,159;3,160;2,161;3,162;3,163;3,164;3,165;3
to:1;1,2;3,4;1,5;1,6;3,7;21,8;3,9;1,10;5,11;1,12;7,13;1,15;7,16;7,17;20,18;7,19;4,22;17,25;1,26;7,28;1,29;20,30;3,31;1,32;1,33;7,35;7,36;7,38;1,39;3,40;20,41;20,42;1,43;3,44;1,46;7,47;19,49;1,50;21,51;25,52;3,53;7,54;7,55;20,56;3,58;24,59;3,60;3,61;3,62;7,63;20,66;21,67;3,68;20,69;1,70;3,71;7,72;7,73;7,74;7,75;1,76;1,78;7,79;3,81;19,83;3,84;7,85;7,86;1,87;1,88;3,89;20,91;7,93;1,94;20,95;3,96;3,98;7,99;18,102;20,103;1,104;19,106;20,110;7,111;3,112;20,113;1,114;7,115;17,116;1,119;1,120;24,121;7,122;1,123;1,124;7,125;7,126;7,127;7,128;20,129;3,130;7,131;3,132;7,133;3,134;7,135;3,136;3,137;12,139;21,140;1,142;1,143;1,144;1,145;1,146;3,148;3,149;19,150;20,151;1,152;3,153;20,154;20,155;3,156;21,157;1,159;7,160;1,161;7,162;20,163;20,164;7,165;20
togeth:51;1
too:120;1
toolkit:120;1
topic:51;1
traceback:90;1
traffic:115;1
transcript:120;1
transduct:120;1
transform:10;1,19;1,81;2
troubl:10;1
turk:10;1,19;1,149;1
turkish:137;1
tutori:10;2,19;2,27;4,49;2,91;4,96;2,120;14
uc:10;1,19;1,41;1,115;2,150;1
uci:0;4,3;2,7;3,10;7,12;2,14;4,15;1,16;2,17;4,18;2,19;7,20;2,21;2,22;3,23;2,24;2,26;2,27;2,29;2,33;2,34;2,35;2,36;2,37;2,40;5,41;8,45;2,46;2,47;3,48;2,50;3,51;3,53;2,54;3,55;4,57;1,58;4,62;1,63;4,64;2,65;3,66;3,68;3,71;6,72;3,73;1,74;3,77;2,78;2,80;3,81;3,82;2,84;2,85;2,89;3,91;2,92;1,94;4,97;2,98;2,99;7,100;6,101;2,102;3,104;2,105;2,106;3,107;1,108;1,109;2,110;2,112;3,114;2,115;3,117;2,118;3,120;3,121;4,124;2,125;2,126;3,127;2,128;3,130;2,132;4,134;1,137;2,138;2,139;3,141;2,147;2,149;2,150;2,153;3,154;4,156;3,158;2,159;2,161;2,162;3,163;3,164;2,165;5,166;3,167;2
uicd:10;2,19;2,38;2,46;3,60;2,63;13,105;3
ukrainian:137;1
unadvertis:10;1,19;1
under:1;1,4;1,5;1,9;1,11;1,13;1,25;1,28;1,31;1,32;1,38;1,42;1,44;1,49;1,69;1,75;1,76;1,86;1,87;1,93;1,103;1,113;1,116;1,119;1,122;1,123;1,140;1,142;1,143;1,144;1,145;1,151;1,157;1,160;1
underexploit:120;1
understand:120;1
unmoder:137;1
unregist:120;1
unsubscrib:7;1,10;1,12;4,15;4,16;4,17;1,18;4,22;1,26;4,29;1,33;4,35;4,36;4,40;1,41;1,46;4,47;1,50;1,51;1,53;4,54;4,55;1,58;1,62;4,63;1,66;1,68;1,71;4,72;4,73;4,74;4,78;4,81;1,84;4,85;4,89;1,91;4,94;1,98;4,99;1,102;1,104;1,106;1,110;4,112;1,114;4,115;2,120;2,121;4,124;4,125;4,126;4,127;4,128;1,130;4,132;4,134;4,139;1,149;1,150;1,153;1,154;1,156;1,159;4,161;4,162;1,163;1,164;4,165;1
url:10;1,19;1
usa:7;2,17;2,22;2,29;2,40;2,41;2,47;2,50;2,51;2,55;2,58;2,63;2,66;2,68;2,81;2,89;2,94;2,99;2,102;2,104;2,106;2,112;2,115;2,120;2,128;2,137;2,139;2,149;2,150;2,153;2,154;2,156;2,162;2,163;2,165;2
use:1;1,2;1,4;1,5;1,6;1,7;2,8;1,9;1,10;1,11;1,13;1,17;2,22;2,25;1,28;1,29;2,30;1,31;1,32;1,38;1,39;1,40;2,41;3,42;1,43;1,44;1,47;2,49;1,50;2,51;3,52;1,55;2,56;1,58;4,59;1,60;1,61;1,63;2,66;2,67;1,68;2,69;1,70;1,75;1,76;1,79;1,81;2,83;1,86;1,87;1,88;1,89;2,93;1,94;2,95;1,96;1,99;2,102;2,103;1,104;2,106;2,111;1,112;2,113;1,115;2,116;1,119;1,120;2,122;1,123;1,128;2,129;1,131;1,133;1,135;1,136;1,137;3,139;2,140;1,142;1,143;1,144;1,145;1,146;1,148;1,149;2,150;2,151;1,152;1,153;2,154;2,155;1,156;2,157;1,160;1,162;2,163;2,165;2
valid:0;1,3;1,14;1,20;1,21;1,23;1,24;1,27;1,34;1,37;1,45;1,48;1,57;1,64;1,65;1,77;1,80;1,82;1,92;1,97;1,100;1,101;1,105;1,107;1,108;1,109;1,117;1,118;1,138;1,141;1,147;1,158;1,166;1,167;1
valuabl:7;1,17;1,22;1,29;1,40;1,41;1,47;1,50;1,51;1,55;1,58;1,63;1,66;1,68;1,81;1,89;1,94;1,99;1,102;1,104;1,106;1,112;1,115;1,120;1,128;1,139;1,149;1,150;1,153;1,154;1,156;1,162;1,163;1,165;1
various:51;1
ve:7;1,17;1,22;1,29;1,40;1,41;1,47;1,50;1,51;1,55;1,58;1,63;1,66;1,68;1,81;1,89;1,94;1,99;1,102;1,104;1,106;1,112;1,115;1,120;1,128;1,139;1,149;1,150;1,153;1,154;1,156;1,162;1,163;1,165;1
vers:137;1
version:0;1,3;1,7;1,10;1,12;1,14;1,15;1,16;1,17;1,18;1,19;1,20;1,21;1,22;1,23;1,24;1,26;1,27;1,29;1,33;1,34;1,35;1,36;1,37;1,40;1,41;1,45;1,46;1,47;1,48;1,50;1,51;1,53;1,54;1,55;1,57;1,58;1,62;1,63;1,64;1,65;1,66;1,68;1,71;1,72;1,73;1,74;1,77;1,78;1,80;1,81;1,82;1,84;1,85;1,89;1,90;2,91;1,92;1,94;1,97;1,98;1,99;1,100;1,101;1,102;1,104;1,105;1,106;1,107;1,108;1,109;1,110;1,112;1,114;1,115;1,117;1,118;1,120;1,121;1,124;1,125;1,126;1,127;1,128;1,130;1,132;1,134;1,138;1,139;1,141;1,147;1,149;1,150;1,153;1,154;1,156;1,158;1,159;1,161;1,162;1,163;1,164;1,165;1,166;1,167;1
via:58;1
vietnames:137;1
vishalrp:77;1,112;1,124;1
visionturk:10;1,15;4,19;1,30;2,31;2,57;4,149;12
visit:2;1,6;1,7;2,8;1,10;2,17;2,19;2,22;2,29;2,30;1,39;1,40;2,41;2,43;1,47;2,50;2,51;2,52;1,55;2,56;1,58;2,59;1,60;1,61;1,63;2,66;2,67;1,68;2,70;1,79;1,81;2,83;1,88;1,89;2,94;2,95;1,96;1,99;2,102;2,104;2,106;2,111;1,112;2,115;2,120;2,128;2,129;1,131;1,133;1,135;1,136;1,139;2,146;1,148;1,149;2,150;2,152;1,153;2,154;2,155;1,156;2,162;2,163;2,165;2
want:12;1,15;1,16;1,18;1,26;1,33;1,35;1,36;1,46;1,51;1,53;1,54;1,62;1,71;1,72;1,73;1,74;1,78;1,84;1,85;1,91;1,98;1,110;1,114;1,120;1,121;1,124;1,125;1,126;1,127;1,130;1,132;1,134;1,137;1,159;1,161;1,164;1
way:120;1
we:7;1,50;1,51;1,90;2
web:150;1
webmast:90;2
welcom:10;1,19;1
well:58;1
what:120;1
when:1;1,2;1,4;1,5;1,6;1,7;1,8;1,9;1,11;1,13;1,17;1,22;1,25;1,28;1,29;1,30;1,31;1,32;1,38;1,39;1,40;1,41;1,42;1,43;1,44;1,47;1,49;1,50;1,51;1,52;1,55;1,56;1,58;1,59;1,60;1,61;1,63;1,66;1,67;1,68;1,69;1,70;1,75;1,76;1,79;1,81;1,83;1,86;1,87;1,88;1,89;1,93;1,94;1,95;1,96;1,99;1,102;1,103;1,104;1,106;1,111;1,112;1,113;1,115;1,116;1,119;1,120;1,122;1,123;1,128;1,129;1,131;1,133;1,135;1,136;1,139;1,140;1,142;1,143;1,144;1,145;1,146;1,148;1,149;1,150;1,151;1,152;1,153;1,154;1,155;1,156;1,157;1,160;1,162;1,163;1,165;1
whi:120;1
which:1;1,4;1,5;1,7;2,9;1,11;1,13;1,17;3,22;3,25;1,28;1,29;3,31;1,32;1,38;1,40;3,41;3,42;1,44;1,47;3,49;1,50;3,51;3,55;2,58;3,63;3,66;2,68;3,69;1,75;1,76;1,81;3,86;1,87;1,89;3,93;1,94;3,99;3,102;3,103;1,104;3,106;3,112;3,113;1,115;3,116;1,119;1,120;3,122;1,123;1,128;3,137;1,139;2,140;1,142;1,143;1,144;1,145;1,149;3,150;2,151;1,153;3,154;3,156;2,157;1,160;1,162;3,163;3,165;3
who:51;1,58;1
wic:16;4,22;12,93;2,141;4
will:1;2,2;3,4;2,5;2,6;3,7;8,8;3,9;2,11;2,12;5,13;2,15;5,16;5,17;7,18;5,22;6,25;2,26;5,28;2,29;7,30;3,31;2,32;2,33;5,35;5,36;5,38;2,39;3,40;7,41;7,42;2,43;3,44;2,46;5,47;6,49;2,50;7,51;7,52;3,53;5,54;5,55;8,56;3,58;7,59;3,60;3,61;3,62;5,63;7,66;6,67;3,68;7,69;2,70;3,71;5,72;5,73;5,74;5,75;2,76;2,78;5,79;3,81;6,83;3,84;5,85;5,86;2,87;2,88;3,89;7,91;5,93;2,94;7,95;3,96;3,98;5,99;6,102;7,103;2,104;6,106;7,110;5,111;3,112;7,113;2,114;5,115;6,116;2,119;2,120;11,121;5,122;2,123;2,124;5,125;5,126;5,127;5,128;7,129;3,130;5,131;3,132;5,133;3,134;5,135;3,136;3,137;5,139;6,140;2,142;2,143;2,144;2,145;2,146;3,148;3,149;6,150;7,151;2,152;3,153;7,154;7,155;3,156;6,157;2,159;5,160;2,161;5,162;7,163;7,164;5,165;7
with:1;1,2;2,4;1,5;1,6;2,7;1,8;2,9;1,10;1,11;1,13;1,17;1,19;1,22;1,25;1,28;1,29;1,30;2,31;1,32;1,38;1,39;2,40;1,41;1,42;1,43;2,44;1,47;1,49;1,50;1,51;1,52;2,55;1,56;2,58;1,59;2,60;2,61;2,63;1,66;1,67;2,68;1,69;1,70;2,75;1,76;1,79;2,81;1,83;2,86;1,87;1,88;2,89;1,93;1,94;1,95;2,96;2,99;2,102;1,103;1,104;1,106;1,111;2,112;1,113;1,115;1,116;1,119;1,120;1,122;1,123;1,128;1,129;2,131;2,133;2,135;2,136;2,137;1,139;1,140;1,142;1,143;1,144;1,145;1,146;2,148;2,149;1,150;1,151;1,152;2,153;1,154;1,155;2,156;1,157;1,160;1,162;1,163;1,165;1
wmt:3;1,12;1,51;1
world:51;1
would:7;1,17;1,29;1,40;1,41;1,47;1,50;1,51;1,55;1,58;1,63;1,66;1,68;1,81;1,89;1,94;1,99;1,102;1,104;1,106;1,112;1,115;2,120;1,128;1,139;1,149;1,150;1,153;1,154;1,156;1,162;1,163;1,165;1
wouldn:115;1
write:10;1,19;1
www:115;1,120;1
xhx:18;1,41;1,45;1,71;1,100;1,102;1
yes:7;1,17;1,29;1,40;1,41;1,47;1,50;1,51;1,55;1,58;1,63;1,66;1,68;1,81;1,89;1,94;1,99;1,102;1,104;1,106;1,112;1,115;1,120;1,128;1,137;5,139;1,149;1,150;1,153;1,154;1,156;1,162;1,163;1,165;1
yingyib:0;1,40;1,121;1
you:0;1,1;6,2;7,3;1,4;6,5;6,6;7,7;17,8;7,9;6,10;2,11;6,12;11,13;6,14;1,15;11,16;11,17;15,18;11,19;2,20;1,21;1,22;13,23;1,24;1,25;6,26;11,27;1,28;6,29;15,30;7,31;6,32;6,33;11,34;1,35;11,36;11,37;1,38;6,39;7,40;15,41;14,42;6,43;7,44;6,45;1,46;11,47;14,48;1,49;6,50;16,51;15,52;7,53;11,54;11,55;17,56;7,57;1,58;15,59;7,60;7,61;7,62;11,63;15,64;1,65;1,66;16,67;7,68;15,69;6,70;7,71;11,72;11,73;11,74;11,75;6,76;6,77;1,78;11,79;7,80;1,81;14,82;1,83;7,84;11,85;11,86;6,87;6,88;7,89;15,91;11,92;1,93;6,94;15,95;7,96;7,97;1,98;11,99;14,100;1,101;1,102;15,103;6,104;14,105;1,106;15,107;1,108;1,109;1,110;11,111;7,112;15,113;6,114;11,115;17,116;6,117;1,118;1,119;6,120;19,121;11,122;6,123;6,124;11,125;11,126;11,127;11,128;15,129;7,130;11,131;7,132;11,133;7,134;11,135;7,136;7,137;7,138;1,139;16,140;6,141;1,142;6,143;6,144;6,145;6,146;7,147;1,148;7,149;14,150;16,151;6,152;7,153;15,154;15,155;7,156;16,157;6,158;1,159;11,160;6,161;11,162;15,163;15,164;11,165;15,166;1,167;1
your:1;2,2;6,4;2,5;2,6;6,7;14,8;6,9;2,10;2,11;2,12;6,13;2,15;6,16;6,17;14,18;6,22;13,25;2,26;6,28;2,29;14,30;6,31;2,32;2,33;6,35;6,36;6,38;2,39;6,40;14,41;13,42;2,43;6,44;2,46;6,47;13,49;2,50;15,51;14,52;6,53;6,54;6,55;14,56;6,58;14,59;6,60;6,61;6,62;6,63;14,66;13,67;6,68;14,69;2,70;6,71;6,72;6,73;6,74;6,75;2,76;2,78;6,79;6,81;13,83;6,84;6,85;6,86;2,87;2,88;6,89;14,91;6,93;2,94;14,95;6,96;6,98;6,99;13,102;14,103;2,104;13,106;14,110;6,111;6,112;14,113;2,114;6,115;13,116;2,119;2,120;13,121;6,122;2,123;2,124;6,125;6,126;6,127;6,128;14,129;6,130;6,131;6,132;6,133;6,134;6,135;6,136;6,139;13,140;2,142;2,143;2,144;2,145;2,146;6,148;6,149;13,150;13,151;2,152;6,153;14,154;14,155;6,156;13,157;2,159;6,160;2,161;6,162;14,163;14,164;6,165;14
yunanc:7;1,36;1,55;1,147;1,161;1,167;1
yuzok:23;1,53;1,68;1,110;1,117;1,163;1