1:20;1,21;1,22;1,23;1,24;1,26;1,27;1,29;1
15:20;1,21;1,22;1,23;1,24;1,26;1,27;1,29;1
2:20;1,21;1,22;1,23;1,24;1,26;1,27;1,29;1
a:20;1,21;1,22;9,23;1,24;1,26;3,27;1,29;12
about:22;1,29;1
activ:25;1,28;1
address:20;1,21;1,22;5,23;1,24;1,26;2,27;1,29;5
admin:22;2,24;4
administr:20;1,21;1,22;3,23;1,24;1,25;7,26;1,27;1,28;7,29;1
all:20;1,21;1,22;2,23;1,24;1,26;1,27;1,29;2
also:22;1,26;1,29;1
alway:22;1,29;1
and:22;2,26;2,29;2
apertur:20;3
approv:22;1,29;1
architectur:29;1
archiv:22;1,29;2
are:25;1,28;1
as:22;1,29;2
asterixresearch:25;2
at:20;1,21;1,22;1,23;1,24;1,26;1,27;1
authent:25;3,28;3
author:20;1,21;1,22;1,23;1,24;1,26;1,27;1,29;1
autism:21;3
automat:22;1,25;1,28;1,29;1
avail:22;2,29;3
awar:29;1
back:22;2,29;2
batch:29;1
be:22;6,26;3,29;7
below:22;2,26;2,29;2
blank:22;1,29;1
brows:25;2,26;1,28;2
but:22;1,29;1
button:26;4
by:20;1,21;1,22;3,23;1,24;1,25;1,26;6,27;1,28;1,29;3
can:22;2,25;1,26;2,28;1,29;2
chang:22;2,25;1,26;2,28;1,29;2
choos:22;1,29;1
cleartext:22;1,29;1
click:26;5
close:22;1,29;1
cmpro:23;3
collect:22;1,29;1
complet:26;1
confirm:22;2,26;4,29;2
cooki:25;4,26;1,28;4
current:29;1
daili:29;1
decis:22;1,29;1
digest:29;1
display:22;1,29;1
do:22;2,29;2
don:25;1,26;1,28;1
edit:22;1,29;1
edu:20;1,21;1,22;2,23;1,24;1,26;1,27;1,29;2
eduapertur:20;1
eduaut:21;1
educmpro:23;1
eduhanalab:24;1
eduic:22;1
eduicsb:27;1
edumotifmap:26;1
effect:25;1,26;1,28;1
email:20;1,21;1,22;6,23;1,24;1,26;6,27;1,29;7
emj:27;1
enabl:25;1,26;1,28;1
english:22;2,29;2
enter:22;4,29;4
everi:25;1,28;1
exist:22;1,29;1
exit:25;1,28;1
expir:25;2,28;2
explicit:25;1,28;1
field:22;1,29;1
fill:22;1,29;1
first:26;1
follow:22;1,29;1
for:22;3,29;3
form:22;1,29;1
friend:28;2
from:22;2,25;1,26;2,28;1,29;2
gener:22;1,29;1
get:22;1,29;1
give:26;1
hanalab:24;3
have:25;1,26;3,28;1
hayesg:21;1
held:22;1,29;1
hidden:22;1
hit:25;1,28;1
ic:20;2,21;2,22;14,23;2,24;1,26;1,27;2,29;2
icsb:27;3
if:22;2,26;2,29;2
import:25;1,26;1,28;1
in:22;2,25;3,26;5,28;3,29;3
info:22;1,29;1
instruct:26;1
interfac:20;1,21;1,22;1,23;1,24;1,25;1,26;1,27;1,28;1,29;1
is:22;4,29;5
isg:28;2
it:22;2,26;1,29;2
jingwz2:24;1
just:26;1
l:29;12
languag:22;1,29;1
leav:22;1,29;1
like:29;1
link:25;1,26;1,28;1
list:20;2,21;2,22;13,23;2,24;2,25;1,26;5,27;2,28;1,29;15
ll:25;1,28;1
log:25;1,26;1,28;1
login:26;2
logout:25;1,28;1
mail:20;1,21;1,22;2,23;1,24;1,26;1,27;1,29;3
mailman:25;1,28;1
may:22;1,29;1
mcupino:20;1
mean:22;2,29;2
member:22;2,26;2,29;5
membership:26;3
mess:22;1,29;1
messag:22;2,26;4,29;2
mild:22;1,29;1
mjols:27;4
moder:22;1,29;1
month:29;1
motifmap:26;3
must:20;1,21;1,23;1,24;1,25;1,26;2,27;1,28;1
name:22;1,29;1
ne:25;1,28;1
neha:22;1
no:25;1,28;1,29;1
non:29;1
none:26;1
not:22;2,29;3
notifi:22;1,29;1
occasion:22;1,29;1
of:20;1,21;1,22;5,23;1,24;1,26;2,27;1,29;5
on:22;3,25;1,26;6,28;1,29;3
onc:22;1,25;1,28;1,29;2
one:22;1,29;1
oper:25;1,28;1
option:22;3,26;3,29;3
or:22;2,25;1,28;1,29;2
order:26;1
other:22;1,25;1,28;1,29;1
otherwis:25;1,26;1,28;1
out:22;1,29;1
overview:20;1,21;1,22;1,23;1,24;1,26;1,27;1,29;1
page:22;1,26;2,29;1
password:22;9,25;1,26;5,28;1,29;10
paul:26;1
person:22;1,29;1
pick:22;1,29;1
point:25;1,26;1,28;1
post:22;2,29;2
prefer:22;1,29;1
prevent:22;1,29;1
prior:22;1,29;1
privaci:22;1,29;1
privat:29;1
process:26;1
project:29;1
prompt:22;1,29;1
provid:22;1,29;1
qualiti:29;1
quasar:29;13
re:25;1,28;1
receiv:29;1
reenter:22;1,29;1
rememb:26;1
remind:22;1,26;2,29;2
remov:26;1
request:22;1,29;1
requir:20;1,21;1,22;1,23;1,24;1,26;1,27;1,29;1
result:20;2,21;2,23;2,24;2,27;2
rigor:26;1
run:20;1,21;1,22;1,23;1,24;1,26;1,27;1,29;1
s:22;1,25;1,28;1,29;1
se:22;1,26;1
section:22;1,26;1,29;1
secur:22;1,29;1
see:25;1,28;1,29;1
send:22;1,29;1
sens:29;1
sent:22;1,26;1,29;1
session:25;1,28;1
should:22;1,26;1,29;1
so:25;1,28;1
subscrib:22;6,29;6
subscript:20;2,21;2,22;6,23;2,24;2,27;2,29;6
success:25;1,28;1
suppli:20;1,21;1,23;1,24;1,27;1
t:25;1,26;1,28;1
take:25;1,26;1,28;1
th:22;4,25;1,26;2,28;1,29;4
that:22;1,25;1,26;1,28;1,29;1
the:22;10,25;1,26;6,28;1,29;11
this:22;3,25;2,26;3,28;2,29;3
to:22;17,25;1,26;7,28;1,29;20
tutori:27;4
uci:20;2,21;2,22;3,23;2,24;2,26;2,27;2,29;2
under:25;1,28;1
unsubscrib:22;1,26;4,29;1
usa:22;2,29;2
use:22;2,25;1,28;1,29;2
valid:20;1,21;1,23;1,24;1,27;1
valuabl:22;1,29;1
ve:22;1,29;1
version:20;1,21;1,22;1,23;1,24;1,26;1,27;1,29;1
visit:22;2,29;2
want:26;1
when:22;1,25;1,28;1,29;1
which:22;3,25;1,28;1,29;3
wic:22;12
will:22;6,25;2,26;5,28;2,29;7
with:22;1,25;1,28;1,29;1
would:29;1
yes:29;1
you:20;1,21;1,22;13,23;1,24;1,25;6,26;11,27;1,28;6,29;15
your:22;13,25;2,26;6,28;2,29;14
yuzok:23;1
