1:0;1,3;1,7;1
15:0;1,3;1,7;1
2:0;1,3;1,7;1
3:3;1
a:0;1,3;1,7;11
about:7;1
abov:2;1,6;1,8;1
activ:1;1,4;1,5;1,9;1
address:0;1,2;2,3;1,6;2,7;5,8;2
admin:7;2
administr:0;1,1;7,3;1,4;7,5;7,7;3,9;7
all:0;1,3;1,7;2
also:7;2
alumni:2;2
alway:7;1
and:2;3,6;3,7;3,8;3
announc:7;2
apertur:1;2
approv:7;1
archiv:2;3,6;3,7;1,8;3
are:1;1,2;1,4;1,5;1,6;1,7;1,8;1,9;1
as:7;2
associ:7;1
at:0;3,3;2,7;1
authent:1;3,2;4,4;3,5;3,6;4,8;4,9;3
author:0;1,3;1,7;1
automat:1;1,2;1,4;1,5;1,6;1,7;1,8;1,9;1
avail:7;2
awesom:7;1
back:7;2
batch:7;1
be:2;1,6;1,7;8,8;1
below:7;2
blank:7;1
brows:1;2,2;2,4;2,5;2,6;2,8;2,9;2
but:7;1
button:2;2,6;2,8;2
by:0;1,1;1,2;1,3;1,4;1,5;1,6;1,7;4,8;1,9;1
can:1;1,2;1,4;1,5;1,6;1,7;2,8;1,9;1
chang:1;1,4;1,5;1,7;2,9;1
chat:7;1
chen:0;1
choos:7;1
cleartext:7;1
click:2;2,6;2,8;2
collapseomat:3;3
collect:7;1
confirm:7;4
cooki:1;4,2;4,4;4,5;4,6;4,8;4,9;4
csgrad:6;2
d:3;1
daili:7;1
decis:7;1
digest:7;1
display:7;1
djp3:3;1
do:7;2
don:1;1,2;2,4;1,5;1,6;2,8;2,9;1
edit:7;1
edu:0;3,3;2,7;2
eduinsa:7;1
eduisg:0;1
effect:1;1,4;1,5;1,9;1
email:0;1,2;3,3;1,6;3,7;8,8;3
enabl:1;1,2;1,4;1,5;1,6;1,8;1,9;1
english:7;2
enter:2;1,6;1,7;4,8;1
everi:1;1,2;2,4;1,5;1,6;2,8;2,9;1
exist:7;1
exit:1;1,2;1,4;1,5;1,6;1,8;1,9;1
expir:1;2,2;2,4;2,5;2,6;2,8;2,9;2
explicit:1;1,2;1,4;1,5;1,6;1,8;1,9;1
field:7;1
fill:7;1
follow:7;1
for:7;4
form:7;1
friend:0;4
from:1;1,2;1,4;1,5;1,6;1,7;3,8;1,9;1
gener:7;1
get:7;1
gratuit:7;1
hanalab:5;2
have:1;1,2;2,4;1,5;1,6;2,8;2,9;1
held:7;1
hidden:7;1
hit:1;1,4;1,5;1,9;1
ic:0;3,3;2,7;3
if:2;1,6;1,7;2,8;1
imaxon:0;1
import:1;1,2;1,4;1,5;1,6;1,8;1,9;1
in:1;3,2;2,4;3,5;3,6;2,7;3,8;2,9;3
info:7;1
informat:7;2
insa:7;11,9;2
interfac:0;1,1;1,2;1,3;1,4;1,5;1,6;1,7;1,8;1,9;1
is:7;4
isg:0;3
it:7;2
j:3;1
languag:7;1
leav:7;1
like:7;1
link:1;1,4;1,5;1,9;1
list:0;2,1;1,3;2,4;1,5;1,7;13,9;1
ll:1;1,4;1,5;1,9;1
log:1;1,2;1,4;1,5;1,6;1,8;1,9;1
logout:1;1,4;1,5;1,9;1
mail:0;1,3;1,7;3
mailman:1;1,2;1,4;1,5;1,6;1,8;1,9;1
may:7;1
mcs:2;2
mean:7;1
member:2;1,6;1,7;2,8;1
mess:7;1
messag:7;2
mild:7;1
moder:7;2
month:7;1
motifmap:4;2
must:0;1,1;1,2;1,3;1,4;1,5;1,6;1,8;1,9;1
name:7;1
ne:1;1,2;1,4;1,5;1,6;1,8;1,9;1
netcollapseomat:3;1
new:7;12,9;2
no:1;1,4;1,5;1,7;1,9;1
not:7;2
notifi:7;1
occasion:7;1
of:0;1,3;1,7;5
on:1;1,2;1,4;1,5;1,6;1,7;3,8;1,9;1
onc:1;1,4;1,5;1,7;3,9;1
one:7;1
oper:1;1,2;2,4;1,5;1,6;2,8;2,9;1
option:2;1,6;1,7;3,8;1
or:1;1,2;1,4;1,5;1,6;1,7;2,8;1,9;1
other:1;1,4;1,5;1,7;2,9;1
otherwis:1;1,2;1,4;1,5;1,6;1,8;1,9;1
out:2;1,6;1,7;1,8;1
overview:0;1,3;1,7;1
p:3;1
page:2;1,6;1,7;1,8;1
password:1;1,2;4,4;1,5;1,6;4,7;10,8;4,9;1
person:7;1
pertin:7;1
phd:6;2
pick:7;1
point:1;1,2;1,4;1,5;1,6;1,8;1,9;1
post:7;2
prefer:7;1
prevent:7;2
prior:7;1
privaci:7;1
privat:2;3,6;3,8;3
prompt:7;1
provid:7;1
re:1;1,2;2,4;1,5;1,6;2,8;2,9;1
receiv:7;2
reenter:7;1
rememb:2;1,6;1,8;1
remind:2;2,6;2,7;2,8;2
request:7;3
requir:0;1,3;1,7;1
research:5;2
result:0;2,3;2
run:0;1,3;1,7;1
s:1;1,2;1,4;1,5;1,6;1,7;1,8;1,9;1
se:7;1
section:7;1
secur:7;1
see:1;1,4;1,5;1,9;1
seminar:8;2
send:7;1
sent:7;2
sess:2;1,6;1,8;1
session:1;1,4;1,5;1,9;1
should:7;1
so:1;1,2;1,4;1,5;1,6;1,8;1,9;1
student:7;2
subscrib:7;7
subscript:0;2,3;2,7;5
success:1;1,4;1,5;1,9;1
suppli:0;1,3;1
t:1;1,2;2,4;1,5;1,6;2,8;2,9;1
take:1;1,4;1,5;1,9;1
talk:7;1
th:1;1,2;1,4;1,5;1,6;1,7;5,8;1,9;1
that:1;1,2;1,4;1,5;1,6;1,7;1,8;1,9;1
the:1;1,2;2,4;1,5;1,6;2,7;10,8;2,9;1
theori:8;2
this:1;2,2;2,4;2,5;2,6;2,7;2,8;2,9;2
to:1;1,2;3,4;1,5;1,6;3,7;21,8;3,9;1
uci:0;4,3;2,7;3
under:1;1,4;1,5;1,9;1
unsubscrib:7;1
usa:7;2
use:1;1,2;1,4;1,5;1,6;1,7;2,8;1,9;1
valid:0;1,3;1
valuabl:7;1
ve:7;1
version:0;1,3;1,7;1
visit:2;1,6;1,7;2,8;1
we:7;1
when:1;1,2;1,4;1,5;1,6;1,7;1,8;1,9;1
which:1;1,4;1,5;1,7;2,9;1
will:1;2,2;3,4;2,5;2,6;3,7;8,8;3,9;2
with:1;1,2;2,4;1,5;1,6;2,7;1,8;2,9;1
wmt:3;1
would:7;1
yes:7;1
yingyib:0;1
you:0;1,1;6,2;7,3;1,4;6,5;6,6;7,7;17,8;7,9;6
your:1;2,2;6,4;2,5;2,6;6,7;14,8;6,9;2
yunanc:7;1
