1:10;1,12;1,14;1,15;1,16;1,17;1,18;1,19;1
15:10;1,12;1,14;1,15;1,16;1,17;1,18;1,19;1
191:10;1,19;1
2:10;1,12;1,14;1,15;1,16;1,17;1,18;1,19;1
2006:10;1,19;1
2011:10;1,19;1
2012:10;1,19;1
3:12;1
a:10;5,12;3,14;1,15;3,16;3,17;12,18;3,19;5
about:10;2,17;1,19;1
account:10;1,19;1
acquisit:10;1,19;1
activ:11;1,13;1
address:12;2,14;1,15;2,16;2,17;5,18;2
admin:10;2,19;3
administr:10;1,11;7,12;1,13;7,14;1,15;1,16;1,17;1,18;1,19;1
advertis:19;1
all:10;1,12;1,14;1,15;1,16;1,17;2,18;1
also:12;1,15;1,16;1,17;1,18;1,19;1
alum:10;1,19;1
alumni:10;2,19;2
alway:17;1
amazon:10;1,19;1
an:10;1,19;1
and:10;3,12;2,15;2,16;2,17;2,18;2,19;3
apertur:10;1,19;1
append:10;1,19;1
approv:17;1
archiv:17;2
are:10;1,11;1,13;1
as:17;2
associ:10;1,19;1
asterixresearch:10;1,14;3,19;1
at:12;2,14;3,16;1,17;2,18;1,19;1
authent:11;3,13;3
author:12;1,14;1,15;1,16;1,17;1,18;1,19;1
autism:10;1,19;1
automat:11;1,13;1,17;1
avail:10;17,17;3,19;17
back:17;2
baldi:10;1,19;1
batch:17;1
be:12;3,15;3,16;3,17;7,18;3,19;1
below:10;1,12;2,15;2,16;2,17;2,18;2,19;1
blank:17;1
bren:10;1,19;1
brows:11;2,12;1,13;2,15;1,16;1,18;1
but:10;1,17;1,19;1
button:12;4,15;4,16;4,18;4
by:10;1,11;1,12;6,13;1,14;1,15;6,16;6,17;3,18;6,19;1
can:10;1,11;1,12;2,13;1,15;2,16;2,17;2,18;2,19;2
career:10;1,19;1
chang:10;1,11;1,12;2,13;1,15;2,16;2,17;2,18;2
chen:14;1
choos:17;1
cleartext:17;1
click:10;1,12;5,15;5,16;5,18;5,19;1
close:17;1
club:10;2,19;2
cmpro:10;1,19;1
collaps:10;1,19;1
collapseomat:10;1,12;3,19;1
collect:17;1,19;1
comment:19;1
commun:10;2,17;12,19;2
complet:12;1,15;1,16;1,18;1
configur:19;2
confirm:12;4,15;4,16;4,17;2,18;4
contact:10;1
cooki:11;4,12;1,13;4,15;1,16;1,18;1
creat:19;1
crick:10;1,13;2,19;1
csgrad:10;1,19;1
current:17;1
cypress:10;1,19;1
d:12;1
daili:17;1
decis:17;1
descript:10;18,19;18
digest:17;1
discuss:10;1,19;1
display:17;1
djp3:12;1
do:10;1,17;2,19;1
don:11;1,12;1,13;1,15;1,16;1,18;1
e:10;1,19;1
edit:17;1
edu:10;4,12;2,14;3,15;1,16;1,17;3,18;1,19;4
eduasterixresearch:14;1
eduhobb:18;1
eduic:16;1
eduivecg:17;1
effect:11;1,12;1,13;1,15;1,16;1,18;1
email:12;6,14;1,15;6,16;6,17;7,18;6
emm:10;1,11;2,19;1
enabl:11;1,12;1,13;1,15;1,16;1,18;1
english:17;2
enter:17;4
everi:11;1,13;1
exist:17;1
exit:11;1,13;1
expir:11;2,13;2
explicit:11;1,13;1
f:10;1,19;1
faculti:10;2,19;2
field:17;1
fill:17;1
find:10;1
first:12;1,15;1,16;1,18;1
follow:17;1
for:10;5,17;3,19;5
form:17;1
found:19;1
friend:10;1,19;1
from:10;1,11;1,12;2,13;1,15;2,16;2,17;2,18;2,19;1
gener:10;1,17;1,19;1
get:10;1,17;1
give:12;1,15;1,16;1,18;1
grad:10;1,19;1
graduat:10;1,19;1
group:10;2,19;2
han:10;2,19;2
hana:10;1,19;1
hanalab:10;2,19;2
have:10;1,11;1,12;3,13;1,15;3,16;3,18;3,19;1
held:17;1
hit:11;1,13;1
hobb:10;1,18;3,19;1
ic:10;8,12;2,14;3,15;1,16;5,17;4,18;2,19;8
icsb:10;2,19;2
if:10;1,12;2,15;2,16;2,17;2,18;2,19;1
igb:10;1,19;1
imaxon:14;1
import:11;1,12;1,13;1,15;1,16;1,18;1
in:11;3,12;5,13;3,15;5,16;5,17;3,18;5
infer:10;1,19;1
info:17;1
inform:10;2,19;1
informat:10;3,19;3
insa:10;1,19;1
instruct:12;1,15;1,16;1,18;1
interfac:10;1,11;1,12;1,13;1,14;1,15;1,16;1,17;1,18;1
irvin:10;1,19;1
is:10;1,17;5,19;1
isg:10;1,19;1
it:12;1,15;1,16;1,17;2,18;1
ivecg:10;2,17;11,19;2
j:12;1
janetmk:17;1
just:12;1,15;1,16;1,18;1
l:10;1,19;1
lab:10;1,19;1
laboratori:10;1,19;1
languag:17;1
learn:10;1,19;1
leav:17;1
like:17;1
link:11;1,12;1,13;1,15;1,16;1,18;1,19;2
list:10;13,11;1,12;5,13;1,14;2,15;5,16;5,17;14,18;5,19;11
ll:11;1,13;1
log:11;1,12;1,13;1,15;1,16;1,18;1
login:12;2,15;2,16;2,18;2
logout:11;1,13;1
lope:17;1
machin:10;1,19;1
mail:10;3,12;1,14;1,15;1,16;1,17;3,18;1,19;5
mailman:10;4,11;1,13;1,19;5
manag:10;2,19;1
may:17;1
mcs:10;2,19;2
mean:17;2
mechan:10;1,19;1
member:12;2,15;2,16;2,17;5,18;2
membership:12;3,15;3,16;3,18;3
mess:17;1
messag:12;4,15;4,16;4,17;2,18;4
middlewar:10;1,19;1
mild:17;1
mjcarey:14;1
mjols:10;2,19;2
mlrg:10;1,19;1
moder:17;1
month:17;1
more:10;1
motifmap:10;1,19;1
must:11;1,12;2,13;1,14;1,15;2,16;2,18;2
name:10;2,17;1,19;2
ne:11;1,13;1
neha:16;1
netcollapseomat:12;1
new:19;1
newslett:10;1,19;1
no:10;17,11;1,13;1,17;1,19;17
non:17;1
none:12;1,15;1,16;1,18;1
not:17;3
notifi:17;1
nsf:10;1,19;1
occasion:17;1
of:10;2,12;2,14;1,15;2,16;2,17;5,18;2,19;2
on:10;3,11;1,12;6,13;1,15;6,16;6,17;3,18;6,19;2
onc:11;1,13;1,17;2
one:10;1,17;1,19;1
open:10;1,19;1
oper:11;1,13;1
option:12;3,15;3,16;3,17;3,18;3
or:10;1,11;1,13;1,17;2
order:12;1,15;1,16;1,18;1
other:11;1,13;1,17;1
otherwis:11;1,12;1,13;1,15;1,16;1,18;1
out:17;1
overview:10;1,12;1,14;1,15;1,16;1,17;1,18;1,19;1
p:12;1
page:10;2,12;2,15;2,16;2,17;1,18;2,19;3
password:11;1,12;5,13;1,15;5,16;5,17;10,18;5
peopl:10;1,19;1
person:17;1
phd:10;1,19;1
pick:17;1
pleas:10;1
point:11;1,12;1,13;1,15;1,16;1,18;1
post:17;2
prefer:10;1,17;1
prevent:17;1
prior:17;1
privaci:17;1
privat:17;1
process:12;1,15;1,16;1,18;1
prompt:17;1
proper:19;1
propos:10;1,19;1
provid:17;1
public:10;1,19;1
quasar:10;1,19;1
question:19;1
re:11;1,13;1
read:10;1,19;1
receiv:17;1
reenter:17;1
rememb:12;1,15;1,16;1,18;1
remind:12;2,15;2,16;2,17;2,18;2
remov:12;1,15;1,16;1,18;1
request:17;1
requir:12;1,14;1,15;1,16;1,17;1,18;1
research:10;3,19;3
result:14;2
run:12;1,14;1,15;1,16;1,17;1,18;1
s:11;1,13;1,17;1
satwar:10;2,19;2
school:10;1,19;1
scientif:10;1,19;1
se:12;1,15;1,16;1,17;1,18;1
section:12;1,15;1,16;1,17;1,18;1
secur:17;1
see:11;1,13;1
send:17;1,19;1
sent:12;1,15;1,16;1,17;1,18;1
sentient:10;1,19;1
session:11;1,13;1
should:12;1,15;1,16;1,17;1,18;1
signup:10;1,19;1
similar:10;1,19;1
sislgram:10;1,19;1
so:11;1,13;1
social:10;2,19;2
statist:10;1,19;1
stream:10;1,19;1
student:10;1,19;1
sublist:10;1,19;1
subscrib:10;1,17;6
subscript:10;1,14;2,17;6
subtest:10;1,19;1
success:11;1,13;1
suppli:14;1
system:10;2,19;2
t:11;1,12;1,13;1,15;1,16;1,18;1
take:11;1,12;1,13;1,15;1,16;1,18;1
team:10;1,19;1
test:10;1,19;1
th:10;4,11;1,12;2,13;1,15;2,16;2,17;5,18;2,19;1
that:11;1,12;1,13;1,15;1,16;1,17;1,18;1,19;1
the:10;5,11;1,12;6,13;1,15;6,16;6,17;10,18;6,19;6
this:10;1,11;2,12;3,13;2,15;3,16;3,17;3,18;3,19;1
to:10;5,11;1,12;7,13;1,15;7,16;7,17;20,18;7,19;4
transform:10;1,19;1
troubl:10;1
turk:10;1,19;1
tutori:10;2,19;2
uc:10;1,19;1
uci:10;7,12;2,14;4,15;1,16;2,17;4,18;2,19;7
uicd:10;2,19;2
unadvertis:10;1,19;1
under:11;1,13;1
unsubscrib:10;1,12;4,15;4,16;4,17;1,18;4
url:10;1,19;1
usa:17;2
use:10;1,11;1,13;1,17;2
valid:14;1
valuabl:17;1
ve:17;1
version:10;1,12;1,14;1,15;1,16;1,17;1,18;1,19;1
visionturk:10;1,15;4,19;1
visit:10;2,17;2,19;2
want:12;1,15;1,16;1,18;1
welcom:10;1,19;1
when:11;1,13;1,17;1
which:11;1,13;1,17;3
wic:16;4
will:11;2,12;5,13;2,15;5,16;5,17;7,18;5
with:10;1,11;1,13;1,17;1,19;1
wmt:12;1
would:17;1
write:10;1,19;1
xhx:18;1
yes:17;1
you:10;2,11;6,12;11,13;6,14;1,15;11,16;11,17;15,18;11,19;2
your:10;2,11;2,12;6,13;2,15;6,16;6,17;14,18;6
